31 122.93120273388402
722 28.309773900658683
1932 9.144498513111644
664 6.79276773296245
347 5.368246051537812
716 4.901373118563497
696 4.293736719619552
721 3.98740197968891
720 3.953325072284187
719 3.7847834671580873
694 3.747762796802298
726 3.7336849852796847
2756 3.650827099357289
718 3.609855334538877
675 3.597927145252246
695 3.5522582170725925
3384 3.527835051546393
717 3.2585211398770833
3199 3.174623937213866
700 2.9899157916623404
2167 2.9899157916623404
3371 2.911094783247613
3383 2.762573964497041
747 2.6702998880574995
1364 2.569139966273188
1744 2.302651325662834
2486 0.6898675700646751
3372 0.44207533759772566
2497 0.08775510204081632
1750 0.07545627894306728
1798 0.02562733582487987
1805 0.02562733582487987