42 118.75366874591539
2391 11.038141063255495
2383 9.366154610575133
2395 4.774042534219091
2393 4.128518207883905
2387 3.8931451612903225
2396 3.728654613305877
2389 3.557281659987923
2363 3.556745182012848
2388 3.248606654281371
2386 3.1622635442902314
2397 2.848516224461493
2390 2.2178055560018635
2202 2.1849926229327696
2339 2.1307956245051174
2326 2.127802525222727
2230 2.1269719066848727
2357 2.126935338656591
2331 2.124289329140985
2236 2.123692659264244
2203 2.12336988121937
2290 2.1230076193117378
2313 2.11969315119911
2262 2.119299234741235
2299 2.117767525148082
2343 2.116186964389361
2245 2.114990975201423
2274 2.1149888379588657
2213 2.1148665671815343
2370 2.11418432604675
2374 2.11418432604675
2375 2.11418432604675
2376 2.11418432604675
2377 2.11418432604675
2378 2.113558044964487
2368 2.1133219294482117
2381 2.112200614699082
2380 2.1082782962690283
2382 2.1039581706768873
2379 2.1019042853003924
2369 2.0
2372 2.0
2392 2.0