40 113.55612470612785
1018 11.720473648886188
3057 6.2571868583162225
1012 5.004318863919186
1529 4.816005957638418
1590 4.253756622947975
1019 3.2648771929824583
810 2.704084991082976
811 2.704084991082976
2611 2.6636801869795974
1959 2.6455056179775287
822 2.6427019847820947
823 2.6427019847820947
1633 2.577116440335165
839 2.5505474502132746
2597 2.4434982427683156
1017 2.423062931975263
941 2.4125508425334106
2616 2.39280785155651
935 2.3882964178288217
934 2.376757760679225
2625 2.34742206235012
2659 2.322175732217573
1031 2.2811314246291827
2908 2.2705874552446623
1010 2.209178060663209
1025 2.1620228304897506
3162 2.16089273817455
3120 2.133566783391696
2615 2.130206081567949
1032 2.1139382439192684
3109 2.102174608250719
1689 2.0968094937016684
1918 2.093030639784093
2897 2.0848048327137545
1020 2.07901498214822
2839 2.075
2998 2.009934577174703
1690 2.0002173204389875
1930 2.0
1979 2.0