38 225.15580760091828
2079 18.10541652657027
2067 17.600577766876523
2061 17.227743441834907
2003 17.003082412501538
2073 16.975149418055995
2055 15.48820048966269
3375 6.526148969889064
3378 5.7854518736223355
3401 5.739436619718308
3403 5.341772151898734
3405 5.191585274229901
3379 5.081095313322799
3400 5.028118240807498
3402 4.771653543307085
3387 4.757381258023106
3399 4.757381258023106
3408 4.757381258023106
3380 4.6610271903323275
3404 4.564663023679415
3385 4.129930394431555
3381 4.0769230769230775
3377 3.9336492890995274
3383 3.8106508875739635
3386 3.680317040951124
3371 3.3666421748714193
3372 3.3262260127931773
3370 3.306306306306306
3373 2.907692307692308
3384 2.769759450171822
3374 2.542311191992721
3382 2.4897610921501707
3376 2.4447761194029853
1587 2.3243476851601748
1621 2.303537620455657
3369 2.297752808988764
1588 2.0819581115748367
1926 2.0
2891 2.0