24 62.298168679125865
1486 11.684171042760694
991 6.622283705112686
2965 4.626779915063702
2956 3.500133155792277
2888 3.1948001552192418
2889 3.1948001552192418
2890 3.1948001552192418
1593 2.8284040694687063
1608 2.6385608148810715
3002 2.5592244774310813
1866 2.5183673469387746
2893 2.4993599441405774
1596 2.32125814349143
3000 2.2241021074502805
3001 2.22341827768014
1652 2.1519131801640796
1599 2.073624482582206
3039 1.0438756855575868
3039 1.0438756855575868
408 0.06189451022604951
404 0.03443877551020408
401 0.021164021164021163
400 0.02004485562097
403 0.016874016874016875