91 279.4755338455685
1018 14.610262392534105
3025 11.283839035937168
1523 9.219483157848742
3024 7.6262530735767
3024 7.6262530735767
3067 7.6262530735767
3067 7.6262530735767
3030 7.34406678592725
3056 5.4454438795463425
3061 5.35421030582321
2426 4.137084398976983
1019 4.028736842105267
3060 4.0117381489841994
1526 3.859380438565961
3062 3.847922848664688
1541 3.3043096700742365
3058 3.270795013284284
3054 3.265309967966836
3043 3.1676555023923445
3044 3.116420503909643
3049 2.9834437086092715
3047 2.94378074490513
3029 2.8655194391332057
3053 2.8085566838688196
990 2.7955546655987193
1542 2.637436597737027
3051 2.5530674131094004
2919 2.498239436619719
3027 2.4213549920760697
987 2.4144037780401417
955 2.4135493372606778
962 2.4135493372606778
973 2.4135493372606778
977 2.4135493372606778
972 2.4129411764705884
965 2.412698412698413
963 2.4110070257611245
953 2.4101665205959684
957 2.4101665205959684
940 2.4097446433812735
959 2.40932944606414
985 2.40932944606414
986 2.4086580086580085
949 2.4077839093813536
961 2.407665505226481
969 2.407665505226481
983 2.406015037593985
971 2.4054747647562023
954 2.403680276020702
970 2.402753872633391
984 2.4019467506441456
968 2.3993316624895575
960 2.3979591836734695
956 2.3925076880067095
3057 2.3898015058179327
935 2.3882964178288217
1003 2.38629651506202
981 2.383501775471183
967 2.381418092909535
958 2.3805909460558414
979 2.37987012987013
934 2.376757760679225
978 2.3729083665338644
951 2.3722163308589606
966 2.3700579862941487
975 2.3666753721598326
976 2.365339578454333
933 2.352128046562386
1011 2.3497560975609755
1007 2.3372328809858054
1010 2.333961967625334
2427 2.3121919158724937
980 2.3121897407611693
3052 2.238930096650933
995 2.193500519364891
994 2.1616320125539428
3026 2.0917571884984025
1418 2.074433869379718
946 2.0
947 2.0
3045 1.9297881179891982
3045 1.9297881179891982
3063 1.9224975222993061
3059 1.8712906685734716
3037 1.5704051936422656
3050 1.5030036043251902
3048 1.465758336321262
3039 1.4577696526508228
3039 1.4577696526508228
468 0.14764123471170645
452 0.07432527907305356