256 865.9948436405764
2090 16.47735765240794
2095 16.371691330936944
1993 15.645127206775497
2099 14.719667650813927
1983 14.695089985098022
1988 14.651688068713332
2013 14.319385215226882
2039 14.240236504907308
2029 14.158051210627821
2003 13.748923490785465
1977 13.390257964922718
2044 13.372156352645018
2023 13.32668601673212
1998 13.247603374866117
2104 13.237961046410138
2117 13.2219094647043
2018 13.174779058436108
2008 13.100067600377045
2109 12.992057804407729
1974 12.97480691754191
2034 12.653617057551127
2122 12.598523164070398
3024 7.047474938528468
3024 7.047474938528468
3067 7.047474938528468
3067 7.047474938528468
3022 6.4195394987915
230 5.953206357906272
2858 5.788395904436861
3025 5.390574564234991
222 4.798332527791204
223 4.796298779670109
229 4.787804307116106
2596 4.709571872621613
2366 4.683650805198809
2371 4.6824027543143085
219 4.651424287856074
220 4.651424287856074
226 4.651424287856074
238 4.526686217008798
221 4.487758587967356
833 4.395800739178741
2499 4.168031543827723
2201 4.078940696720078
2364 4.078940696720078
2365 4.078940696720078
2367 4.078940696720078
2642 4.073898389714142
2384 3.6554785419893197
232 3.515030707897858
2383 3.513036037155122
1955 3.469223007063572
1924 3.419743782969107
2969 3.154843630816169
2971 3.154843630816169
417 3.1264481491946894
2970 3.1153225806451625
3016 3.1153225806451625
396 3.0834653988378236
1433 3.079870397037646
1786 3.063605989357752
2987 3.061359489051093
227 3.049792531120331
2988 2.942304399931519
2980 2.9407874015748057
2999 2.911124731841863
3009 2.881966078227763
2993 2.871298739372621
3004 2.8325764456554636
228 2.8314503536327726
2876 2.7818953821416
2877 2.7818953821416
2878 2.7818953821416
1431 2.725547152802124
1432 2.725547152802124
401 2.723893065998328
2996 2.717391304347825
224 2.683183618274896
1907 2.671781280513322
225 2.6487644622196824
241 2.6375534860307073
2973 2.6370967741935494
2976 2.59673350152702
3002 2.5940624053317167
242 2.588269538640664
2982 2.564969913807123
235 2.5621452894438144
308 2.561718637735306
2986 2.5611993734616227
236 2.560444254592055
243 2.5537627118644073
2975 2.544213400546102
3012 2.5441133077604023
2979 2.537508093608359
239 2.532717678100264
3011 2.5297443461160274
231 2.5258349086326404
234 2.522088987062164
2998 2.509571117034165
240 2.4945547725816777
2984 2.4935492364402316
2974 2.4924838940586977
2997 2.491684549356223
2994 2.485238784370477
233 2.4828326180257507
2978 2.476410314153812
3001 2.471880492091387
2989 2.467624148003897
2991 2.4609099350046426
3013 2.4574363025874
3015 2.4455385363481654
2860 2.435591480626123
2861 2.435591480626123
2863 2.435591480626123
3008 2.432726623840113
2895 2.4163206444715186
2873 2.409705623348849
2874 2.409705623348849
2875 2.409705623348849
2992 2.408789996322177
3000 2.408429801127928
2983 2.4045801526717567
2850 2.39047619047619
2981 2.388780035062392
3010 2.384745762711865
2995 2.3758854559156006
3006 2.3735999999999997
3005 2.3684426229508166
1614 2.357559045677976
2977 2.3524500410621414
2985 2.3505122143419994
910 2.3334825024612913
3007 2.3207460632930745
1519 2.317759052426567
2859 2.3101356474850463
2862 2.3101356474850463
2892 2.3101356474850463
3003 2.3075938020233044
2899 2.299574441056911
2990 2.2723782097432217
2856 2.2668189004040054
2914 2.2668189004040054
1886 2.266739726027397
2972 2.237760000000001
2870 2.206881035616627
2871 2.206881035616627
2872 2.206881035616627
2867 2.1883428061963675
2868 2.1883428061963675
2869 2.1883428061963675
1398 2.165472695243687
2908 2.141957300092826
2888 2.119195446902082
2889 2.119195446902082
2890 2.119195446902082
1504 2.10762331838565
1505 2.10721123165284
2903 2.106545365734522
1502 2.1042944785276076
2897 2.098358116480793
2912 2.0926527827936274
2891 2.090245351897445
2905 2.090121435393642
1438 2.0787913340935003
1437 2.078739274297572
1436 2.0784447865001994
1384 2.0781407881441565
1408 2.0781407881441565
1435 2.0781407881441565
1434 2.075984624811988
2909 2.0734480744786836
2857 2.062586240883108
2879 2.0599432158995485
2880 2.0599432158995485
2881 2.0599432158995485
2885 2.042242116154573
2886 2.042242116154573
2887 2.042242116154573
2904 2.040933261882188
402 2.0369937125310718
2913 2.0309910068770938
2893 2.0303347686101088
2916 2.0257297114897925
2917 2.0235595295514424
265 2.0195215030089533
264 2.0183981186886153
2906 2.0164738026358084
2907 2.016411330801798
2901 2.0160480106690377
2902 2.0159302939623305
2864 2.015820184089415
2865 2.015820184089415
2866 2.015820184089415
2911 2.0155427631578946
2900 2.0154362416107383
2894 2.015228847670028
2882 2.0149424816801083
2883 2.0149424816801083
2884 2.0149424816801083
2898 2.0145034034653464
2910 2.014323771282962
2896 2.013953146801792
2206 2.0001743416892
2203 2.0001626657806573
908 2.0
912 2.0
950 2.0
459 1.8742676167854313
3031 1.663537906137184
3035 1.6466302367941712
3047 1.6404310142890608
3049 1.6371807000946073
3051 1.6181478889666434
3038 1.6125394677492106
3029 1.6116422349691946
3052 1.6046302539896604
3036 1.5767195767195767
3037 1.5704051936422656
3044 1.5686359687228495
3061 1.56828655215752
3030 1.552574040946134
3045 1.5454923140839218
3062 1.535608308605341
3063 1.5280475718533202
3050 1.5030036043251902
3043 1.4960765550239234
3048 1.465758336321262
3039 1.4577696526508228
3054 1.4548709251931413
3040 1.4498352800239591
3053 1.4276677209921758
2481 1.3724252491694353
400 1.1651247546958232
2573 0.9086672879776327
398 0.6233876683203402
482 0.5064794816414687
339 0.48112691466083146
2571 0.4696969696969697
2425 0.40067650676506766
379 0.2544918585064571
1958 0.18815507008460663
285 0.1422237380627558
375 0.14187385868801797
447 0.13905031892274983
2574 0.13151658767772512
309 0.12798634812286686
330 0.12200684150513114
353 0.09960102593331432
336 0.06547293603061782
279 0.06400676723530241
340 0.06022788931090613
333 0.05827146659195967
470 0.04573925710123816
441 0.03881310645478836
471 0.022753792298716453
468 0.022277227722772276