30 59.96622024805197
1515 2.9546145315644643
1516 2.9546145315644643
618 2.506258354599587
2587 2.499542543458371
607 2.482279792746114
606 2.464812473662031
751 2.389726743317904
608 2.3625926312493473
2549 2.3215717722534084
845 2.217955277334698
177 2.2096827677683213
202 2.170926228022476
749 2.115609678949865
1409 2.102689486552567
1904 2.0972579263067694
1963 2.0972579263067694
2131 2.0972579263067694
750 2.0749646393210757
176 2.0512282804074298
3017 2.0241514360313317
2857 2.022866154149419
238 2.012316715542522
2386 2.0062697604629975
2388 2.000562967967123
2395 2.0004458513531587
609 1.5517072573736383
610 0.6940104166666667
619 0.5119524870081663
613 0.4911969226216896
617 0.47989676718283075