26 89.96489120862641
1909 12.721978021978028
1926 6.847852130754748
1927 5.718076491840042
1929 5.490292345458603
1925 4.918580943319285
1928 4.403194172036985
1930 4.343566653022242
1044 3.9286762547695906
1899 3.5173747992407662
1969 3.5173747992407662
464 3.100587371512481
2727 2.9824341279799245
2848 2.8567722555980346
2500 2.6136927988648453
2731 2.4721753794266434
730 2.345621403017576
2733 2.324079735844441
2730 2.3222635175638424
2732 2.315841219122528
2729 2.3140703517587955
2728 2.301000232612235
1078 2.284981684981685
673 2.2268168492516596
964 2.0
280 0.0574052812858783
353 0.04018238814477059