30 138.3751062755036
913 15.388091353996703
2546 14.337938363443124
2558 9.441097364174286
285 8.357662573897208
869 6.803982576228998
1924 6.595930670685764
1043 6.147237770747145
2416 5.680992141453833
1111 5.52338491126847
1908 5.299229452054794
2520 4.203522504892367
123 3.6508964143426303
2585 3.4463746223564966
1158 3.4040164756599864
1709 3.4040164756599864
1725 3.2786152406695086
2557 3.2711640211640196
2508 3.173778122575639
2543 3.1295546558704457
2544 3.1295546558704457
2537 2.9991059454626736
2559 2.78202406227884
1174 2.608534813053242
1899 2.420791356402395
1969 2.420791356402395
122 2.339366515837104
1077 2.3371887331609744
2580 1.3488006291781358
2556 1.3151313047102962
2423 0.1363311920057102