41 67.23768630276172
2879 4.556804094853444
2880 4.556804094853444
2881 4.556804094853444
633 3.3470367008170125
2690 3.2957642725598517
2689 3.052111838191553
2951 2.764745084971675
1589 2.7186021170610215
1587 2.713413645940251
2830 2.6790396025941763
2994 2.6617945007235884
1591 2.607647821125314
991 2.5921955155916767
2650 2.45227623915369
1864 2.3612049169255696
2996 2.348829431438127
2995 2.342878673700076
2927 2.288546255506608
3001 2.2605448154657286
2697 2.2256301999254955
1588 2.2046942604433903
3037 2.040967092008059
3037 2.040967092008059
1684 2.000220949715527
404 0.06831065759637188
408 0.06189451022604951
406 0.05408015451472718
401 0.042328042328042326
279 0.04144931622726632
283 0.03842405680077962
405 0.0380465644520159
405 0.0380465644520159
396 0.03592181722134179
403 0.03374803374803375
375 0.022334597555836493
379 0.02021336327905671
400 0.02004485562097
447 0.01644223954642098
361 0.01368496079828938
397 0.01174934725848564
417 0.011443910709239898