80 277.59587434744697
1920 23.810318779271803
1537 9.345121188215785
1921 9.030944364277698
2609 8.226009875661852
2620 6.151300697935474
69 5.908746393350847
3040 5.8526504941599296
2109 5.422347491374405
2623 5.2139426156013835
3030 4.977539256609023
2610 4.887051692204074
1977 4.878419848606022
2104 4.5301295959167724
3029 4.507754408328022
200 4.293016850291639
3406 4.217105994883775
3058 4.175761291641121
1595 4.078654111955774
60 3.897153275597728
2567 3.7209480122324154
2566 3.693726937269372
841 3.6662131015523025
831 3.630345535408826
191 3.5634139062966264
103 3.472114924181964
1919 3.3739117382167505
2195 3.3592373947546688
151 3.3390443344273244
2613 3.2899041832203793
3062 3.1205489614243325
2618 3.1182983027986975
1174 3.073127229488702
153 3.027098286216494
1961 2.926915862808146
58 2.8613692891739753
137 2.8276788238620303
1925 2.75193693081419
2607 2.7228752791818507
2654 2.71625892543603
1959 2.6635955056179785
199 2.6348151225592016
3025 2.6313750806972243
1979 2.590831918505941
165 2.564386049244245
139 2.5517702070808275
3054 2.540983606557377
185 2.4460909555442014
67 2.4014209591474245
1659 2.379043170806234
2938 2.3529023746701845
1660 2.3204704911267036
2621 2.2757452574525745
2617 2.2751120485104144
3162 2.26815456362425
3161 2.255751488964149
101 2.2174420543605144
2027 2.2121448034254576
3118 2.1905984060516
1690 2.1536998804737597
2612 2.150224356948746
1364 2.1222596964586846
164 2.1170166545981175
1689 2.077501094304752
3115 2.0691381647133866
152 2.0530135689491953
136 2.0418491484184913
1453 2.036203576341128
203 2.028940568475452
3019 2.028892455858748
1762 2.017224788298692
3026 2.0069009584664537
150 2.0
2317 2.0
3022 2.0
3031 2.0
3037 2.0
3039 2.0
3047 2.0
3050 2.0
3056 1.2614391865467345