31 103.83887578240804
920 14.615489749430512
1056 7.900994200497104
725 7.223253633380209
2527 6.6934404283802
2640 4.104358812381554
816 4.10382521969167
817 4.10382521969167
806 3.9706750639637876
807 3.9706750639637876
3378 3.3519470977222636
668 3.1512060482419306
1928 2.9904735219949563
1930 2.9627507163323794
1927 2.9226361031518637
350 2.863066538090646
1929 2.845904931934836
2497 2.6636054421768685
726 2.478410206084396
908 2.4710182767624023
950 2.4710182767624023
1089 2.41444740346205
700 2.3817444640815078
2167 2.3817444640815078
1745 2.2426451668239116
910 2.1202899847847494
1767 2.088091353996737
3389 2.0419647114926085
2418 0.11936785474108944
1751 0.08939765603706731
1753 0.07180948878264068
343 0.0287986834887548