390 3195.633553715695
1168 50.5844191849182
1167 50.43942389155608
1165 47.81219437652827
943 43.390809423839684
1983 42.394948607237055
2039 39.51359732824427
2013 37.25338114219076
2029 36.88405292479111
1988 36.742282507015936
1977 35.92322428255257
2090 35.79783462680842
1974 35.753012790063536
2023 35.69124124978654
1993 35.50697182981415
2003 34.548295799512445
1998 34.51427526578371
2095 34.46667289108813
2008 34.228013215397695
2018 34.193840518834634
2099 33.7524936163421
2596 32.880296467006644
2117 31.278167390385427
2109 30.587138814802763
2034 30.426673202126835
2055 29.171228917301455
2061 29.124982832028508
2104 28.96618369535402
2122 28.211389844224197
2044 28.06235202740012
2073 28.00741709574342
2085 25.71756819427462
1923 24.632784223522574
1968 24.632784223522574
1972 24.632784223522574
2047 24.632784223522574
2053 24.632784223522574
2059 24.632784223522574
2065 24.632784223522574
2071 24.632784223522574
2077 24.632784223522574
2083 24.632784223522574
2127 24.632784223522574
2129 24.632784223522574
2134 24.632784223522574
2136 24.632784223522574
2079 24.293962246025245
2049 23.42582374124147
2067 22.81388820756001
1018 21.584540892965613
1907 18.67345515413586
303 17.899103139013473
919 15.835238841033643
1965 15.286655231560886
2198 15.124814997533306
1012 14.155479101090691
1174 13.873431100541671
2626 13.658613760768638
620 13.253842340109077
1034 11.570776255707743
2670 11.424356003816262
2142 11.324324324324314
1960 10.578359284890434
656 10.411328124999995
2413 10.023734177215198
2139 9.53094990165452
2627 9.442179550303624
2420 9.213680926916213
2606 9.208779675738265
622 8.823035672650969
2516 8.4826935179358
653 8.479085812850364
2598 8.09018576697172
2654 7.972140934098089
1966 7.945246690734048
2197 7.945246690734048
621 7.790642660007882
2485 7.770803443328554
1000 7.741864504921832
908 7.679895561357703
950 7.679895561357703
2491 7.673711175152099
2383 7.598489135485533
637 7.559159859976664
657 7.535616812227074
1357 7.337003350885589
1159 7.306487695749421
2408 7.305033185840711
2494 7.305033185840711
2603 7.2458948672931935
2562 7.223823975720792
1941 7.201986754966895
2371 7.1744627162500265
623 7.048900905136938
2426 6.964705882352943
2366 6.950348569985753
2424 6.858312164832069
2551 6.758812010443865
999 6.71229877656149
2201 6.56389895109553
2364 6.56389895109553
2365 6.56389895109553
2367 6.56389895109553
2437 6.535922897196264
1041 6.519578947368416
937 6.439276485788117
2488 6.435608726249119
2384 6.426502822420258
820 6.326315625438284
821 6.326315625438284
910 6.3007249619618735
2621 6.28689332347869
2652 6.175394585554513
2607 6.143881509345247
2409 6.103881597319184
645 6.0494384765625
2381 6.031388121962071
1917 5.989637305699482
996 5.926483326115203
301 5.8566852367688
2617 5.772607434748219
651 5.729200214707455
654 5.7047473625763505
2601 5.65564878379524
1013 5.629643814630412
647 5.573941134242642
649 5.547868166361493
650 5.516403969643895
625 5.513717503294604
636 5.50850910834133
652 5.49806201550388
638 5.464239728432643
2455 5.4334763948497855
644 5.394378405151062
630 5.371707953063886
2490 5.334739061676329
627 5.332014246141674
2435 5.311326124075128
1898 5.30617880566103
1970 5.30617880566103
2648 5.305527297388944
633 5.282064583063155
634 5.26163839769036
1899 5.254781719959123
1969 5.254781719959123
624 5.223071324599709
635 5.208023774145612
2599 5.196552988632199
2647 5.155361305361309
2434 5.137931034482759
641 5.117662753468517
628 5.100361550928822
655 5.093055555555557
2473 5.075627853881276
631 5.074410409325024
646 5.044717055797392
626 5.031335898845518
2484 5.00598086124402
629 4.9959115880925005
658 4.9857712009106425
2478 4.982520439808288
281 4.974404843814506
659 4.940196497223414
632 4.926201030310297
648 4.918090980804631
639 4.908655763861181
2655 4.908116535126182
643 4.897292122538296
232 4.896239629350288
2653 4.881015900117385
2554 4.868965517241378
2442 4.83934426229508
2649 4.838240017128788
2427 4.8343739730529105
2487 4.819726858877089
302 4.810818385650227
640 4.8105208060717155
2650 4.8070842743373365
2662 4.801647885617351
642 4.798329516368041
2428 4.793950284516325
2425 4.78536285362854
814 4.777296220523312
815 4.777296220523312
808 4.772711144118504
809 4.772711144118504
2651 4.757102421637488
2635 4.747623163353498
2638 4.747623163353498
2646 4.747623163353498
2656 4.742722451384797
1019 4.740666666666668
2430 4.7353128991060025
2671 4.726176501974176
2431 4.720155289550307
2645 4.6941680312381875
2658 4.683069118579581
2660 4.683069118579581
2657 4.682895904653226
2659 4.682895904653226
2663 4.682895904653226
2664 4.682895904653226
2661 4.682722778552414
2433 4.671324422843254
2600 4.663206056068543
2665 4.643992827256426
2432 4.633299966633302
2479 4.631678785962694
2480 4.600748416810592
1002 4.570976868031284
306 4.570346472155988
2449 4.545928716314112
2452 4.543447495046704
2475 4.532060841037876
2460 4.529180695847363
1011 4.523739837398374
1015 4.512456090765941
2636 4.508055853920516
2436 4.5
1006 4.486002239641657
2439 4.483743061062647
1004 4.473726241814409
1005 4.469939238887113
2419 4.4582450190758784
2605 4.438030815482902
1007 4.427390422710966
1010 4.425742574257426
2438 4.421067031463748
1009 4.413830445544556
2481 4.411960132890366
2456 4.400297176820207
2474 4.378112511527818
1026 4.375054135989607
2451 4.370359875318787
2486 4.366492146596858
304 4.365208831387988
2482 4.365001632386549
2489 4.3399940351923645
2453 4.3277411623726785
2445 4.313324538258575
1008 4.303147268408551
2457 4.2797699594046
2464 4.253197769760579
2441 4.248968696918222
2477 4.247546958228202
2466 4.237808951235806
2458 4.235874744724302
2448 4.2340425531914905
2443 4.229665071770335
2440 4.228065607914606
2459 4.226898734177215
2476 4.195042400521852
2462 4.185831256674975
2447 4.184746277727134
2624 4.183255754638782
2444 4.1786339754816115
2461 4.173913043478262
2450 4.173146030708919
2493 4.168748265334444
1030 4.134265219790328
2483 4.12830454705675
2501 4.114217727543131
1001 4.1090933368941105
1903 4.104639068025798
987 4.072018890200709
955 4.067746686303389
962 4.067746686303389
973 4.067746686303389
977 4.067746686303389
972 4.064705882352942
965 4.063492063492065
963 4.055035128805622
938 4.054754194877835
940 4.0513648371000865
953 4.050832602979842
957 4.050832602979842
1150 4.0494511427028925
985 4.04868804664723
959 4.0466472303206995
942 4.046456924433988
949 4.041243101945978
961 4.038327526132404
969 4.038327526132404
983 4.030075187969924
986 4.025974025974024
954 4.0184013801035094
970 4.018072289156628
984 4.009733753220728
971 4.006843455945254
960 3.9897959183673475
968 3.9632414369256486
956 3.9625384400335477
1028 3.951068883610449
935 3.9414820891441087
981 3.9175088773559157
967 3.907090464547676
958 3.902954730279207
979 3.8993506493506507
2618 3.8985613128020695
1003 3.8941523922031887
1901 3.8844905905256333
934 3.8837888033961248
2555 3.8678396072013106
978 3.864541832669322
951 3.8610816542948028
966 3.8502899314707433
2597 3.8338740200054047
975 3.833376860799163
976 3.826697892271665
1121 3.7776119402985047
1136 3.7776119402985047
1142 3.7762814943527303
1114 3.6943905369189523
1031 3.668276417155342
822 3.66742797562156
823 3.66742797562156
1022 3.5932248958193305
308 3.581405374335391
307 3.563654734411084
988 3.49856244384546
1014 3.4936610103374313
1032 3.4811971709504896
2604 3.4366197183098612
1112 3.378695011249901
3378 3.3519470977222636
980 3.290678433535577
933 3.2748272098945055
1017 3.2322662786467804
1033 3.2214456188203213
1021 3.2158942221610074
2602 3.144051130776795
1023 3.1285958637847906
1042 3.0934769038701613
944 3.074278300356795
305 3.0700458105512056
989 3.0589870558596104
1016 3.016380083122808
787 2.954244582588781
796 2.9507878482289183
1113 2.9261621489022467
1806 2.904040404040401
789 2.8943186737630198
786 2.890641933613932
792 2.8898300811778346
762 2.8779264214046836
772 2.8779264214046836
776 2.8779264214046836
785 2.87754399764035
1110 2.828222487720694
1115 2.7829260552205652
2543 2.753036437246964
2544 2.753036437246964
1020 2.751242951049418
2573 2.7194780987884437
2567 2.688073394495413
429 2.5690282833940077
219 2.5362818590704643
220 2.5362818590704643
226 2.5362818590704643
1116 2.524784924211392
2418 2.292535305985206
2423 2.2880085653104922
2454 2.226140407635069
2465 2.178184281842819
2137 2.1578947368421053
2521 2.156932998925116
292 2.138097871163948
2500 2.124157502660518
2517 2.109713487071978
2518 2.1090277777777775
2519 2.101627486437613
2666 2.0313570265566225
257 2.0170973132793417
1364 2.011804384485666
2206 2.000136738579765
909 2.0
946 2.0
947 2.0
1070 2.0
459 1.5021377672209024
2547 0.9456563337160353
472 0.6775832862789384
2574 0.5260663507109005
1361 0.47418688693856487
311 0.11458773784355179
313 0.11016829302786027
332 0.043351396415172994
471 0.022753792298716453
470 0.02272396212672979
2200 0.008334686366834442
2644 0.00690766751093714