116 236.16631097530993
2401 5.0
2408 2.365320796460177
2494 2.365320796460177
2413 2.2594936708860756
2423 2.0892219842969304
2406 2.0523943661971833
2426 2.0248081841432226
2418 2.0097511768661733
2409 2.0
2410 2.0
2412 2.0
2414 2.0
2416 2.0
2420 2.0
2421 2.0
2422 2.0
2424 2.0
2425 2.0
2427 2.0
2428 2.0
2429 2.0
2430 2.0
2431 2.0
2432 2.0
2433 2.0
2434 2.0
2435 2.0
2436 2.0
2437 2.0
2438 2.0
2439 2.0
2440 2.0
2441 2.0
2442 2.0
2443 2.0
2444 2.0
2445 2.0
2446 2.0
2447 2.0
2448 2.0
2449 2.0
2450 2.0
2451 2.0
2452 2.0
2453 2.0
2454 2.0
2455 2.0
2456 2.0
2457 2.0
2458 2.0
2459 2.0
2460 2.0
2461 2.0
2462 2.0
2464 2.0
2465 2.0
2466 2.0
2473 2.0
2474 2.0
2475 2.0
2476 2.0
2477 2.0
2478 2.0
2479 2.0
2480 2.0
2481 2.0
2482 2.0
2483 2.0
2484 2.0
2486 2.0
2487 2.0
2488 2.0
2489 2.0
2490 2.0
2491 2.0
2492 2.0
2493 2.0
2497 2.0
2498 2.0
2499 2.0
2500 2.0
2501 2.0
2502 2.0
2503 2.0
2504 2.0
2505 2.0
2506 2.0
2507 2.0
2508 2.0
2509 2.0
2510 2.0
2511 2.0
2512 2.0
2513 2.0
2514 2.0
2515 2.0
2516 2.0
2517 2.0
2518 2.0
2519 2.0
2520 2.0
2521 2.0
2522 2.0
2523 2.0
2524 2.0
2525 2.0
2526 2.0
2527 2.0
2528 2.0
2529 2.0
2530 2.0
2531 2.0
2532 2.0
2533 2.0
2534 2.0
2535 2.0