94 234.16123326550237
1189 18.591208791208793
1186 2.7317073170731714
1364 2.619730185497471
1185 2.317305875684867
1196 2.317305875684867
1198 2.317305875684867
1199 2.317305875684867
1200 2.317305875684867
1201 2.317305875684867
1207 2.317305875684867
1210 2.317305875684867
1212 2.317305875684867
1213 2.317305875684867
1214 2.317305875684867
1215 2.317305875684867
1216 2.317305875684867
1217 2.317305875684867
1218 2.317305875684867
1219 2.317305875684867
1220 2.317305875684867
1221 2.317305875684867
1222 2.317305875684867
1224 2.317305875684867
1225 2.317305875684867
1227 2.317305875684867
1228 2.317305875684867
1229 2.317305875684867
1230 2.317305875684867
1231 2.317305875684867
1234 2.317305875684867
1236 2.317305875684867
1238 2.317305875684867
1239 2.317305875684867
1240 2.317305875684867
1241 2.317305875684867
1242 2.317305875684867
1243 2.317305875684867
1244 2.317305875684867
1245 2.317305875684867
1246 2.317305875684867
1247 2.317305875684867
1248 2.317305875684867
1249 2.317305875684867
1251 2.317305875684867
1252 2.317305875684867
1253 2.317305875684867
1254 2.317305875684867
1255 2.317305875684867
1256 2.317305875684867
1257 2.317305875684867
1258 2.317305875684867
1259 2.317305875684867
1260 2.317305875684867
1261 2.317305875684867
1262 2.317305875684867
1263 2.317305875684867
1264 2.317305875684867
1265 2.317305875684867
1266 2.317305875684867
1267 2.317305875684867
1268 2.317305875684867
1269 2.317305875684867
1270 2.317305875684867
1271 2.317305875684867
1273 2.317305875684867
1274 2.317305875684867
1275 2.317305875684867
1276 2.317305875684867
1277 2.317305875684867
1278 2.317305875684867
1279 2.317305875684867
1280 2.317305875684867
1281 2.317305875684867
1282 2.317305875684867
1283 2.317305875684867
1284 2.317305875684867
1285 2.317305875684867
1286 2.317305875684867
1288 2.317305875684867
1289 2.317305875684867
1290 2.317305875684867
1291 2.317305875684867
1292 2.317305875684867
1293 2.317305875684867
1295 2.317305875684867
1296 2.317305875684867
1297 2.317305875684867
1298 2.317305875684867
1299 2.317305875684867
1300 2.317305875684867
1355 2.317305875684867
1205 2.208020509064274
1190 2.087649402390438
1192 2.0