36 92.93789626903266
2420 7.812388591800353
303 4.017270633862562
1887 3.049228611500701
655 3.0287499999999996
766 2.917212577792335
760 2.8484375
824 2.8484375
2507 2.7270341207349094
2535 2.7041984732824424
2532 2.694915254237288
2506 2.5427993709278827
2504 2.5309985802177013
2509 2.528950159066807
2515 2.507274320771255
2505 2.492964580300823
2422 2.4735322425409043
2508 2.4693560899922407
2510 2.4326072891956
2511 2.403528960490984
2512 2.2607701105604265
2514 2.244343891402714
2534 2.227286726208808
2533 2.21954484605087
2513 2.203510859863135
773 2.143952199378907
774 2.1414816425789365
775 2.1383610451306416
2530 2.126989589606814
2531 2.123783965112378
2529 2.03690645863026
1478 2.0255172413793106
261 2.015562836414697
52 2.0
54 2.0
770 2.0
1042 2.0