50 105.8369303451369
3024 9.209003215434088
3067 9.209003215434088
2499 5.934485896269339
886 5.084689665913869
826 4.5059317246388515
830 4.444811632518176
2860 3.895817295355403
2861 3.895817295355403
2863 3.895817295355403
1485 2.6050000000000004
1484 2.5557939914163095
2344 2.356290939133058
2356 2.353099028127454
2350 2.351012009884511
2346 2.350686328816353
2351 2.350641704535072
2347 2.350134677621804
2345 2.350112382509196
2353 2.34972996542596
2348 2.349607844473367
2354 2.332349227054481
2355 2.330130012997796
3082 2.328968046097433
2349 2.3142371504318815
2352 2.3053030719349348
2343 2.23315237802588
3138 2.185239167881278
270 2.037355949760456
402 2.0369937125310718
3047 1.3033497306160693
3052 1.2685996853225443
3025 1.262750161394448
489 0.9509564216884798
3036 0.7390476190476191
3038 0.6396030672079387
3029 0.6269386020820055
3063 0.5736372646184341
3048 0.4845822875582646
2525 0.3093686354378819
401 0.2440824282929546
405 0.13231118682566725
398 0.12856130403968816
447 0.12260807937632884
339 0.11966630196936544
452 0.10060760209128161
373 0.09247403613600796
377 0.08213670304422746
2408 0.07605088495575221
2494 0.07605088495575221
3051 0.002332633543270352