60 132.52518596350762
1076 2.5022904260192393
1054 2.3804414469650523
1072 2.3773472429210134
1074 2.376431585292345
1047 2.3696032672112017
1044 2.3692398004109188
1073 2.3687445127304647
1051 2.36229792147806
1064 2.348666303756124
1063 2.347698072805139
1050 2.34416980118216
1048 2.3385847107438016
1045 2.3363850379283284
1043 2.3261134095887077
1055 2.3243177387914233
1060 2.3005148005148004
1071 2.2964316423043853
1056 2.293910521955261
1052 2.2890173410404624
1075 2.2888677450047576
1062 2.2856280193236715
1066 2.2783767888649282
1069 2.271003190358029
1059 2.266251263051533
1067 2.265187533016376
1061 2.253669724770642
1053 2.2248186086214257
1057 2.224383422323926
1046 2.223019045379732
1049 2.2207412603764762
1068 2.215256797583082
1065 2.1958104827834215
1037 2.168081291093843
943 2.1633776533706555
929 2.163186813186813
913 2.1593800978792825
919 2.158809710258418
915 2.158157513287164
930 2.1572612161950917
1038 2.156055167201965
916 2.1555662805662807
918 2.155349135169763
928 2.1546143250688705
914 2.1542156700347856
917 2.153140916808149
1040 2.152700555996823
1035 2.150995575221239
926 2.1502831715210355
1039 2.1487914055505817
248 2.0
262 2.0
662 2.0
2422 2.0
2529 2.0
2530 2.0
2531 2.0
2532 2.0
2533 2.0
2534 2.0
2535 2.0