288 689.3163542975584
2967 10.836516424751718
2670 9.422038980509745
1518 7.754957795179506
1515 5.062759272189592
1516 5.062759272189592
1523 3.8823452313338267
1543 3.359936432908195
1538 3.282192932108887
2371 3.2739131364540346
2201 3.2704935995771724
2364 3.2704935995771724
2365 3.2704935995771724
2367 3.2704935995771724
1531 3.212352124409888
2366 3.161313653073364
1554 3.121031746031745
1521 3.033903230493535
1691 3.012652350551364
1529 3.005247571050033
2639 3.002787456445992
2943 3.002787456445992
2947 3.002787456445992
2949 3.0006144393241168
2964 2.999999999999999
1561 2.9067078122462218
2965 2.8988258805895577
2946 2.8712386284114766
2968 2.8554390294057166
1526 2.8535915144631514
1528 2.837926858803584
1530 2.837748421790975
2643 2.7675444122464397
2655 2.758647568936958
2640 2.7519898926089703
2637 2.7487928394770935
2963 2.7405037984806078
2948 2.7382236605537575
2641 2.7247625079164024
2671 2.7189200725642944
2642 2.7091499188615655
2635 2.7016915668601067
2638 2.7016915668601067
2646 2.7016915668601067
2658 2.672162333544705
2660 2.672162333544705
2657 2.671991885381007
2659 2.671991885381007
2663 2.671991885381007
2664 2.671991885381007
2661 2.671821523640512
1520 2.6638786565547106
2645 2.661922156442877
2951 2.661112962345885
2953 2.6477272727272725
2650 2.6470937834304054
2662 2.6448564158487824
2665 2.633950986252241
1536 2.6337684465879216
2656 2.6331172657631114
2966 2.6286279683377307
2654 2.6269460376916776
2960 2.6256874797800065
2647 2.6143356643356643
2648 2.6103763987792474
2959 2.6062480668110113
2958 2.6044799018103713
2653 2.602497065414577
2651 2.5971275815074955
2649 2.5956535702815544
2955 2.59547123623011
2954 2.5938242280285033
2652 2.5888993414863593
2957 2.5821118755608734
2950 2.5815560228296786
2952 2.579515611321856
1525 2.572120651083854
2962 2.5601474072124244
1602 2.556856559658563
1519 2.5548312731030642
1594 2.528444925781997
2956 2.5139813581890813
1546 2.5075362970910406
1589 2.4917652552926524
2944 2.4883945841392654
2636 2.4715359828141787
1551 2.453914767096134
1590 2.4320912591563166
1562 2.420014213678974
1544 2.4146153576805918
1522 2.411846259207911
1629 2.379592854471298
1537 2.378553358178505
1527 2.368367428480103
1626 2.3585838208593906
2961 2.3560143907398716
1604 2.347195956400646
1580 2.3388116685557474
1595 2.327689472471781
1586 2.325949110487651
1573 2.3163545120530524
1540 2.312201212986087
1630 2.312181074870938
1539 2.3066428846895493
1579 2.295420450059219
1547 2.2906941801061804
1663 2.2865138245848913
1592 2.2840602020929888
1656 2.2793403237814034
1676 2.27875810759252
1652 2.2758769191016563
1534 2.2690192787580323
1576 2.2681256956487976
1657 2.267354717142735
1613 2.2633297062023936
1639 2.250925215883707
1584 2.2427832417933327
1596 2.233598904518859
1696 2.2265628754024314
1597 2.224005568407476
1591 2.22272296473956
1575 2.220581859669139
1608 2.2200945583322684
2380 2.2179770901452978
1615 2.2177185593261055
1585 2.2113817758563354
1668 2.2098746527246083
1582 2.2081134681446333
1618 2.2000333821702114
1603 2.1929606351306647
1587 2.189544955251832
1559 2.1887590428491928
1617 2.18585399420314
1566 2.1825099601593623
1622 2.1820231769250373
1588 2.180897499712831
1578 2.1802104160715983
1535 2.1788995299303675
1649 2.178715111893387
1624 2.1763207097554718
1623 2.172465898035644
1666 2.1709928022347733
1512 2.1702743373075593
1569 2.1670748358293057
1653 2.165263119849646
1583 2.1637564196625085
1670 2.160291836868433
1612 2.158943577430972
1752 2.1580795141854066
1665 2.1554748555895342
1753 2.15529606472968
1570 2.1509692280945756
1568 2.150768464936843
1627 2.1493296251712257
1659 2.148653367672094
1621 2.147184581675849
1684 2.1461029993923884
1550 2.1459212880143115
1690 2.145034227969141
1634 2.142396234651079
1552 2.142256715886853
1557 2.1420752797558493
1549 2.1404256688277212
1556 2.135335953584129
1625 2.1348389534754486
1688 2.132189282708314
1524 2.1314391633929066
1593 2.1292570136676603
1553 2.1281095386031526
1640 2.1238312530756502
1667 2.122195715559411
1610 2.1206154445418246
1658 2.11960679654835
1620 2.1195060077481265
1577 2.118367768062112
1660 2.1174852111707247
1673 2.117441633291003
1655 2.117096644833578
1661 2.1164989182579252
1619 2.115967885816235
1599 2.115901585972746
1636 2.1157967261409802
1662 2.1157389678552927
1560 2.1139363423844637
1669 2.111027802545189
1641 2.1106901988263114
1648 2.1068648940563555
1651 2.1066419810229116
1614 2.106462054909483
1664 2.1047137971882615
1635 2.1033782926726143
1674 2.1024904688815167
1606 2.10222626831085
1672 2.1018556513016917
1174 2.101400449200687
1631 2.096107747436056
1533 2.094443892257231
1555 2.093794384354856
1638 2.093382168795392
1532 2.093107562408223
1565 2.092699482250353
1633 2.092689973995955
1558 2.09260640529579
1598 2.0924499229583975
1654 2.0915656083935144
1581 2.09062053642279
1605 2.0900296188021694
1680 2.0898473635522667
1694 2.089802359660329
1637 2.089451739672194
1632 2.088974594703679
1645 2.088913256497597
1643 2.0885594672927295
1675 2.0881277660188573
1607 2.0879930436462883
1642 2.0871290402579152
1567 2.0862094662209634
1616 2.0859111531649566
1646 2.085759960649287
1571 2.0856753997958486
1692 2.0848279085787387
1650 2.081106547475236
1689 2.080662419143038
1611 2.080651415277239
1644 2.0804762022134033
1600 2.080055675287357
1563 2.0800394144144145
1609 2.078905580080668
1541 2.077370081354807
1572 2.07691124047906
1564 2.0762094939588494
1574 2.075802328178907
1681 2.075180801339442
1545 2.0746670081967213
1682 2.0739449008000252
1683 2.0721873395727206
1677 2.070389394243737
1548 2.06932632466341
1628 2.0688426728288083
1601 2.0686791690855397
1647 2.06866965300788
1542 2.068352516582131
1695 2.066872269339502
1671 2.0656834383717326
1678 2.06266919328641
1693 2.0604299674267104
1685 2.054680316312144
1679 2.0544710695499706
1687 2.0536453575385334
1686 2.0448093862558396
1514 2.0375563654333186
1513 2.0231422165278667
2362 2.000161208851441
2349 2.0001603523475584
2332 2.00015906961947
2355 2.000157655211556
2356 2.0001556620374132
2260 2.000144203668017
2229 2.0001360958633336
2354 2.0001248924537203
2353 2.0001236013307744
2345 2.00012259910094
2347 2.0001221258031467
2350 2.000122031002654
2351 2.0001218105102168
2346 2.0001215936879366
2344 2.0001213011349854
2348 2.000119247988116
2337 2.000118728952595
2352 2.000109908226631
913 2.0
914 2.0
915 2.0
916 2.0
917 2.0
918 2.0
926 2.0
928 2.0
929 2.0
930 2.0
1035 2.0
1037 2.0
1038 2.0
1039 2.0
1040 2.0
3021 2.0
3022 2.0
377 0.02986789201608271
486 0.020420070011668612