43 74.43518111829881
911 2.0
944 2.0
1077 2.0
1078 2.0
1079 2.0
1080 2.0
1081 2.0
1082 2.0
1083 2.0
1084 2.0
1085 2.0
1086 2.0
1087 2.0
1088 2.0
1089 2.0
1090 2.0
1091 2.0
1093 2.0
1094 2.0
1095 2.0
1096 2.0
1097 2.0
1098 2.0
1099 2.0
1100 2.0
1101 2.0
1102 2.0
1103 2.0
1104 2.0
1105 2.0
1106 2.0
1107 2.0
1108 2.0
1109 2.0
1190 2.0
2489 1.8938264240978229
3045 0.5706273369339426
3045 0.5706273369339426
3043 0.5502392344497608
3043 0.5502392344497608
2507 0.15328083989501312
2506 0.10963828353179061
484 0.03670242800677583