24 20.95613385331473
2686 3.0834242754941186
2954 2.844714964370547
2953 2.8171791443850283
1589 2.7186021170610215
2651 2.4190166684138794
2908 2.2705874552446623
2687 2.2540337711069416
2987 2.1119981751824817
408 0.06189451022604951
406 0.05408015451472718
279 0.04144931622726632
283 0.03842405680077962
405 0.0380465644520159
404 0.03443877551020408
375 0.022334597555836493
401 0.021164021164021163
379 0.02021336327905671
400 0.02004485562097
403 0.016874016874016875
447 0.01644223954642098
335 0.01473922902494331
361 0.01368496079828938
417 0.011443910709239898
451 0.011302709752209825