37 123.61505483012802
114 8.333729518634852
1720 8.145713287934347
173 7.623122110939899
1728 6.545304266969722
112 4.6324265165728535
1731 4.409933964972723
1729 4.275718034968399
1730 4.18619724534139
1724 4.150711209975307
703 4.130090497737556
1733 4.080375524993827
1735 4.037147049350464
2239 4.000348074340241
1721 3.6392618408272863
2553 3.0706476030277554
1132 2.885441748471935
1718 2.811153901012694
1159 2.6847640989682464
2617 2.6736751911415775
172 2.2361174501749588
1699 2.2310073405854784
1931 2.17310716692878
677 2.157353885677585
1732 2.1210970192493415
1712 2.1098218411459677
1734 2.087726416931766
1726 2.073538812150858
1706 2.025624921492275
1714 2.018246550956832
1723 2.0129711751662973
1705 2.011679131236554
1701 2.0115195576489864
1703 2.0115195576489864
1704 2.0115195576489864
1700 2.0052310374891023
1713 2.001211721814182
964 2.0