24 43.36026498422108
362 2.523841504365346
656 2.24345703125
1923 2.166627202922572
1968 2.166627202922572
1972 2.166627202922572
2047 2.166627202922572
2053 2.166627202922572
2059 2.166627202922572
2065 2.166627202922572
2071 2.166627202922572
2077 2.166627202922572
2083 2.166627202922572
2127 2.166627202922572
2129 2.166627202922572
2134 2.166627202922572
2136 2.166627202922572
457 2.0541639344262297
1888 2.0346878097125867
210 2.01852176729373
3168 2.0
323 0.04867132867132867
341 0.043095004897159644
388 0.03138166497166933
386 0.029664097717027774