26 122.76538367175736
2899 10.539126016260157
2840 10.458809460536804
1150 9.74943314738169
2701 9.34293635486982
2703 7.591734216234732
1663 6.91413324408249
999 6.168061815840304
997 5.988161356328561
2904 4.770806710911424
1112 4.662347738381569
2702 4.600589173929054
2910 4.591019651750895
2834 4.043562172594433
3011 4.012536873156342
1664 3.909993071232204
2085 3.7836671023230326
2906 3.726012536162009
2900 2.9968959731543587
2700 2.8601769911504404
2901 2.581284729939993
3137 2.524646912212682
2752 2.260598656078193
3119 2.2014815850164235
964 2.024534686971235
3376 0.44477611940298506
312 0.018057375855540993