37 88.16085558078795
933 2.4187583363647382
987 2.4144037780401417
955 2.4135493372606778
962 2.4135493372606778
973 2.4135493372606778
977 2.4135493372606778
972 2.4129411764705884
965 2.412698412698413
959 2.4113702623906703
963 2.4110070257611245
953 2.4101665205959684
957 2.4101665205959684
985 2.40932944606414
949 2.4077839093813536
961 2.407665505226481
969 2.407665505226481
983 2.406015037593985
986 2.405194805194805
954 2.403680276020702
970 2.402753872633391
984 2.4019467506441456
971 2.400342172797263
960 2.3979591836734695
981 2.394427751980334
958 2.392518297641637
956 2.3925076880067095
968 2.3909774436090228
967 2.381418092909535
979 2.37987012987013
978 2.3729083665338644
951 2.3722163308589606
966 2.3700579862941487
975 2.3666753721598326
976 2.365339578454333
947 2.3177570093457946
980 2.2581356867071154
946 2.0