147 329.65857920858735
1412 11.975064140072934
3360 4.0
3398 4.0
2961 3.7453464727045196
2201 3.2321898942501477
2364 3.2321898942501477
2365 3.2321898942501477
2367 3.2321898942501477
2366 3.2270091454150958
2371 3.226414045292218
3395 2.9761092150170647
52 2.8530391340549532
2967 2.8250572956455304
2959 2.7695638725641825
1940 2.757210572828793
1417 2.7122119205298016
2670 2.676979691972196
3051 2.643340331233963
3051 2.643340331233963
1945 2.5824950861371256
2135 2.5105967232827293
54 2.446885834830194
3388 2.406865861411316
1946 2.3810131427842287
1414 2.358384217942696
1941 2.3537527593818988
271 2.35087233453337
2944 2.2243713733075436
909 2.223637842233668
1070 2.223637842233668
2898 2.172068378712871
1899 2.1644035625638782
1969 2.1644035625638782
133 2.130859062549992
2639 2.1101045296167245
2943 2.1101045296167245
2947 2.1101045296167245
2419 2.0869012293344635
253 2.083908319454358
1460 2.0830183925422023
135 2.0763630480504776
1407 2.057753556514969
1454 2.057753556514969
1411 2.0503330400904862
2636 2.043823845327605
2641 2.0405319822672574
2643 2.039813531561043
1415 2.025694156651471
1422 2.024545399987997
461 2.0041322314049586
1376 2.0
1377 2.0
1382 2.0
1383 2.0
1385 2.0
1386 2.0
1387 2.0
1388 2.0
1389 2.0
1390 2.0
1391 2.0
1392 2.0
1393 2.0
1394 2.0
1395 2.0
1396 2.0
1397 2.0
1398 2.0
1399 2.0
1400 2.0
1401 2.0
1402 2.0
1403 2.0
1404 2.0
1405 2.0
1406 2.0
1409 2.0
1410 2.0
1413 2.0
1418 2.0
1419 2.0
1420 2.0
1421 2.0
1423 2.0
1424 2.0
1428 2.0
1429 2.0
1430 2.0
1453 2.0
1456 2.0
1457 2.0
1458 2.0
1459 2.0
1461 2.0
2635 2.0
2637 2.0
2638 2.0
2640 2.0
2642 2.0
2645 2.0
2646 2.0
2647 2.0
2648 2.0
2649 2.0
2650 2.0
2651 2.0
2652 2.0
2653 2.0
2654 2.0
2655 2.0
2656 2.0
2657 2.0
2658 2.0
2659 2.0
2660 2.0
2661 2.0
2662 2.0
2663 2.0
2664 2.0
2665 2.0
2671 2.0
2946 2.0
2948 2.0
2949 2.0
2950 2.0
2951 2.0
2952 2.0
2953 2.0
2954 2.0
2955 2.0
2956 2.0
2957 2.0
2958 2.0
2960 2.0
2962 2.0
2963 2.0
2964 2.0
2965 2.0
2966 2.0
2968 2.0
3361 2.0
3362 2.0
3363 2.0
3367 2.0
3393 2.0
3394 2.0
3397 2.0