47 116.12749862139356
3068 4.552198543296468
3070 4.015086913742211
3069 4.014621741894469
3071 4.01338376491126
3033 4.011200389578768
3034 4.01069270106927
3042 4.009411764705883
3046 4.009220130618517
3057 4.008213552361396
3041 4.007231093702923
3051 2.8334499650104963
3038 2.322507893549842
3031 2.0115523465703973
3049 2.011352885525071
3047 2.011009604122745
3052 2.010564171723983
3035 2.0104735883424407
3044 2.0104257167680277
3037 2.010297738974703
3029 2.010197578075207
3032 2.0100722574994525
3061 2.010054461667365
3045 2.00997091815538
3025 2.0098988594792337
3058 2.009809932556714
3036 2.00973544973545
3050 2.0096115338406086
3028 2.009550338241146
3030 2.009540846750149
3063 2.0095143706640237
3056 2.0093859992178333
3055 2.0091889732321215
3043 2.0091866028708134
3054 2.0090446579988694
3062 2.0089020771513355
3039 2.0087751371115172
3024 2.0087005863438625
3067 2.0087005863438625
3048 2.0086052348512013
3059 2.008580622095102
3053 2.0079906775428666
3060 2.0072234762979684
3040 2.0071877807726866
3064 2.006841505131129
3065 2.00660338423442
3026 2.0058785942492015
3022 2.0058516728151634