74 161.05874244337758
2721 4.16662471683866
2718 3.6235375883238747
114 3.312505306053145
1019 3.231719298245616
40 2.8797825632448264
1025 2.7433411071560077
2719 2.7392473118279574
38 2.7372262773722627
783 2.555699295673424
803 2.555699295673424
1371 2.541792547834844
173 2.3800077041602465
97 2.3427188042734595
605 2.292682926829268
112 2.1894934333958727
2904 2.1433694711241182
996 2.1394543092247726
911 2.1259014423076925
1105 2.1175108538350216
2910 2.1033164742674026
96 2.0829336221568933
1426 2.0535117056856187
2224 2.0001554538936444
2312 2.0001478738098677
2206 2.000136738579765
2296 2.0001257775749366
2341 2.0001005440149378
172 2.0
909 2.0
944 2.0
1070 2.0
1077 2.0
1078 2.0
1079 2.0
1080 2.0
1081 2.0
1082 2.0
1083 2.0
1084 2.0
1085 2.0
1086 2.0
1087 2.0
1088 2.0
1089 2.0
1090 2.0
1091 2.0
1093 2.0
1094 2.0
1095 2.0
1096 2.0
1097 2.0
1098 2.0
1099 2.0
1100 2.0
1101 2.0
1102 2.0
1103 2.0
1104 2.0
1106 2.0
1107 2.0
1108 2.0
1109 2.0
2302 2.0
2316 2.0
2323 2.0
2334 2.0
2368 2.0
2370 2.0
2374 2.0
2375 2.0
2376 2.0
2377 2.0
2378 2.0
2390 2.0