88 206.08905341812698
3046 8.163465232424127
3043 8.052631578947366
1530 5.4384147767126505
3047 5.258374326540174
3047 5.258374326540174
2955 4.831395348837209
1487 4.622874806800618
3040 3.852650494159928
2836 3.5661525974025987
1862 3.5214513049013365
3049 3.346263008514664
3049 3.346263008514664
3038 3.279206134415878
3038 3.279206134415878
2998 3.1553186333898724
1633 3.1279591640181073
1653 3.055153968483451
2652 3.0154698442562973
2988 2.9114877589453867
1626 2.8284244502723412
2802 2.7620198764437283
2752 2.6489920586438607
2737 2.6020329245387246
2797 2.575224697147323
3042 2.572156862745098
707 2.509545020680878
1623 2.507172279605061
3048 2.484582287558265
3048 2.484582287558265
2799 2.4839304531085356
1625 2.4823393424767177
3014 2.4262977473065614
2882 2.3895279813321317
2883 2.3895279813321317
2884 2.3895279813321317
1605 2.3820825479863075
2742 2.3290738866396774
2996 2.313712374581939
2751 2.2867503165649823
2739 2.283637556017052
3002 2.2793093002120566
2745 2.265981169474728
2740 2.265860281411997
1617 2.264799716412619
2853 2.257986653414736
2747 2.2574572127139363
2743 2.2571501859689627
3090 2.253763606886435
2749 2.253003187055651
2744 2.252855859324863
2738 2.24961439588689
704 2.247212366953877
2736 2.2458717824186496
2741 2.245670065102567
2746 2.231454005934718
2894 2.222374372380597
2748 2.2150203556888792
2898 2.1963180693069306
2990 2.1936645068394536
2750 2.1903504316912144
224 2.151936636723655
2989 2.151290165530673
2688 2.1436531007751936
2834 2.112489660876758
2885 2.109001754464889
2886 2.109001754464889
2887 2.109001754464889
3050 2.0
3050 2.0
3053 2.0
3053 2.0
3056 1.9960891669925696
3051 1.3240027991602519
3051 1.3240027991602519
398 0.08036853295535082
279 0.06400676723530241
336 0.055494805904866044
406 0.05408015451472718
283 0.03842405680077962
405 0.0380465644520159
404 0.03443877551020408
340 0.028486163863266415
333 0.021431573049446703
401 0.021164021164021163
400 0.02004485562097
447 0.01644223954642098
335 0.01473922902494331
313 0.012445198698911045