45 192.19552869630695
3040 19.345013477088948
3056 10.680289401642552
1531 10.659472368786426
3049 8.05818353831599
3049 8.05818353831599
1608 6.431956335225732
3047 6.22511126727571
3047 6.22511126727571
2965 6.1031726205346
3051 5.289013296011197
3051 5.289013296011197
1873 5.037272113436867
3050 4.838806567881458
3050 4.838806567881458
2958 4.69806689168457
3053 4.308639920093224
3053 4.308639920093224
1606 4.142878424232401
1665 3.8383664627930605
1666 3.830964663662495
3038 3.279206134415878
3038 3.279206134415878
2993 3.1034887129873967
3007 3.0498394740865304
2804 2.5060399159663866
3048 2.484582287558265
3048 2.484582287558265
2816 2.4799220272904483
2809 2.4764509673115414
2803 2.472280609563847
2818 2.471837488457987
2807 2.471792839212578
2808 2.471792839212578
2817 2.471473851030111
1696 2.4068281197443655
1600 2.389098419540234
3127 2.3235373416015097
712 2.315984296130118
2814 2.1960167714884706
2805 2.195708376421923
2806 2.195708376421923
2815 2.150591327201051
2812 2.150577124868836
2813 2.150577124868836
417 0.011443910709239898