37 132.1418503801181
1602 11.411820374837639
1491 5.178631051752921
711 4.603610675039245
714 4.576602959309497
713 4.54486973303313
694 4.476315475480258
697 4.454769230769229
720 4.304419661296983
719 4.303672502303538
703 4.285552682611501
699 4.183950617283953
721 4.08780048849467
718 4.067698915009047
712 4.031744251261921
708 4.0113768584356775
715 3.984284358190059
698 3.968042437572775
705 3.887742863996158
717 3.844756937977283
700 3.8104792597983215
2167 3.8104792597983215
3082 3.151388161341016
1495 3.0934579439252334
2909 2.6898553711910376
2958 2.5170297637312062
2589 2.506012950971323
1494 2.4980605120248254
1492 2.465404224326292
3127 2.404421677001887
1493 2.360189573459716
3197 2.3412698412698414
3002 2.0966373826113296
1173 2.0626475254420926
398 2.0557051736357193
2461 2.0156914024190913
3056 1.0922956589753618
3040 0.963162623539982