38 93.12351932997959
2895 3.267460652925233
1150 3.0879251394637386
1112 3.0709907673209713
2876 2.7698356866489102
2877 2.7698356866489102
2878 2.7698356866489102
2899 2.463255843495936
2900 2.4178691275167794
2885 2.3838679202843167
2886 2.3838679202843167
2887 2.3838679202843167
2906 2.378897460623594
2907 2.377460608441357
2882 2.375158635935649
2883 2.375158635935649
2884 2.375158635935649
2901 2.3691042453878675
2896 2.3666005728133963
2902 2.366396761133601
2913 2.364001058014457
2865 2.3638642340565448
2866 2.3638642340565448
2888 2.3559694735480496
2889 2.3559694735480496
2890 2.3559694735480496
2894 2.3502634964106432
2893 2.3488498390162507
2870 2.3454362950399754
2871 2.3454362950399754
2872 2.3454362950399754
2879 2.339384972207786
2880 2.339384972207786
2881 2.339384972207786
2898 2.333578279702967
2897 2.3277571251548927
2873 2.2654736444835843
2874 2.2654736444835843
2875 2.2654736444835843