179 358.02878342924845
1542 2.0003170113148654
1696 2.0003123348229304
1652 2.000301457763614
1692 2.0002952247398333
1529 2.0002944181777247
1657 2.0002783606697787
1649 2.000272399631213
1674 2.0002723176709414
1689 2.0002674967170857
1677 2.0002582570518523
1564 2.000252767807492
1654 2.0002498069673433
1632 2.0002466533623338
1646 2.000245941957698
1598 2.000244576515763
1541 2.0002371860249992
1693 2.0002345276872964
1553 2.000230123115867
1532 2.000229441997063
1694 2.0002254452543773
1563 2.000225225225225
1565 2.0002229543934402
1684 2.000220949715527
1673 2.000219790954381
1555 2.000218507593139
1616 2.0002183565033844
1613 2.0002176278563657
1690 2.0002173204389875
1558 2.0002097804298167
1539 2.0002088957449544
1623 2.0002069921963943
1671 2.0002066329166235
1660 2.0002063557573257
1577 2.0002063504346257
1572 2.000205165029621
1691 2.000203134068485
1662 2.000202734665375
1601 2.0002019233196195
1655 2.0002005079534824
1658 2.0002001601281023
1534 2.0001987500828124
1631 2.000197701717534
1668 2.000196880537265
1628 2.0001925669170038
1675 2.000192418703098
1614 2.0001918235223592
1567 2.000191623906147
1676 2.000190766882869
1636 2.0001900643843102
1634 2.0001897857319086
1604 2.000189113915346
1661 2.0001881290565326
1638 2.0001878287002253
1688 2.000187038249322
1645 2.0001866455135087
1557 2.000183112919634
1571 2.0001814676193717
1600 2.0001795977011496
1540 2.000178380306814
1611 2.0001777174615483
1622 2.000176474048511
1570 2.000173852573018
1633 2.000173360300491
1546 2.000173049301746
1644 2.000172537033842
1521 2.0001695161524675
1635 2.000169126041182
1522 2.000167036931866
1617 2.0001668161060953
1578 2.0001666190612206
1627 2.000166037109294
1524 2.0001659934709233
1685 2.000163468808108
1681 2.000162779340976
1651 2.000161999537144
1680 2.0001618871415356
1672 2.000159576893266
1566 2.000159362549801
1533 2.000159029917503
1519 2.0001589888310347
1595 2.000158373646625
1683 2.0001579591675553
1678 2.000157913733983
1544 2.000157568542316
1620 2.000157322373208
1640 2.0001565785353197
1664 2.0001564560470264
1535 2.0001560397121065
1625 2.000155600506813
1695 2.000154202004626
1670 2.00015290853885
1659 2.000152778384041
1520 2.000151679306609
1574 2.000148924023927
1621 2.000148907655981
1548 2.000148768937046
1602 2.000148450547411
1526 2.0001465550405775
1561 2.000146175085269
1585 2.000145493847689
1596 2.0001452342420847
1568 2.0001451890568935
1650 2.000144962551341
1607 2.0001449240356513
1590 2.0001447638900953
1667 2.000144581797152
1653 2.000144571345959
1593 2.0001438701058474
1637 2.0001437745614874
1594 2.000143339491623
1609 2.0001429161241147
1666 2.0001427318883427
1629 2.000142483124655
1669 2.0001418497203534
1612 2.000140056022409
1599 2.000139528394028
1525 2.0001388567461236
1581 2.000136032829256
1518 2.0001355978168753
1626 2.0001344899468765
1588 2.0001340123291342
1639 2.000133364451705
1663 2.0001301574905637
1559 2.000129846039696
1583 2.000128393250183
1624 2.000128313230927
1615 2.00012811684256
1545 2.0001280737704916
1665 2.0001274209989806
1648 2.000127068839544
1587 2.0001260511767778
1682 2.0001223746806787
1630 2.000119363790994
1579 2.0001184366363995
1679 2.0001168907071887
1687 2.000116620342475
1591 2.0001160519138894
1605 2.0001153979305304
1575 2.000114090131204
1586 2.000113520263367
1549 2.0001126108009846
1556 2.0001122964626616
1554 2.0001117818019227
1552 2.0001111901796835
1531 2.0001110802554845
1608 2.000109527025794
1641 2.0001094858544275
1528 2.000108985226447
1589 2.00010896637609
1537 2.0001088109681455
1569 2.000108363494506
1560 2.0001078942636217
1573 2.0001075365176093
1550 2.0001073345259393
1686 2.0001069861987806
1582 2.0001062435811168
1603 2.0001058551108173
1530 2.0001052139350013
1642 2.0001033314044805
1597 2.0001023604315518
1562 2.0001015262783852
1527 2.0000998881252996
1606 2.000099313084499
1592 2.0000982623933443
1610 2.0000973804654785
1647 2.0000971694538103
1619 2.0000969631152308
1584 2.0000957976753098
1551 2.000093498139387
1618 2.0000927282505887
1580 2.000089482789477
1656 2.000088326961174
1523 2.0000873782166106
1536 2.0000866375949404
1547 2.0000834752412433
1543 2.0000651970172365
1576 2.0000647115160612
1643 2.000062329243842
1538 2.000061495572319