192 384.0902865838194
3066 2.0902865838194264
1513 2.0
1514 2.0
1515 2.0
1516 2.0
1518 2.0
1519 2.0
1520 2.0
1521 2.0
1522 2.0
1523 2.0
1524 2.0
1525 2.0
1526 2.0
1527 2.0
1528 2.0
1529 2.0
1530 2.0
1531 2.0
1532 2.0
1533 2.0
1534 2.0
1535 2.0
1536 2.0
1537 2.0
1538 2.0
1539 2.0
1540 2.0
1541 2.0
1542 2.0
1543 2.0
1544 2.0
1545 2.0
1546 2.0
1547 2.0
1548 2.0
1549 2.0
1550 2.0
1551 2.0
1552 2.0
1553 2.0
1554 2.0
1555 2.0
1556 2.0
1557 2.0
1558 2.0
1559 2.0
1560 2.0
1561 2.0
1562 2.0
1563 2.0
1564 2.0
1565 2.0
1566 2.0
1567 2.0
1568 2.0
1569 2.0
1570 2.0
1571 2.0
1572 2.0
1573 2.0
1574 2.0
1575 2.0
1576 2.0
1577 2.0
1578 2.0
1579 2.0
1580 2.0
1581 2.0
1582 2.0
1583 2.0
1584 2.0
1585 2.0
1586 2.0
1587 2.0
1588 2.0
1589 2.0
1590 2.0
1591 2.0
1592 2.0
1593 2.0
1594 2.0
1595 2.0
1596 2.0
1597 2.0
1598 2.0
1599 2.0
1600 2.0
1601 2.0
1602 2.0
1603 2.0
1604 2.0
1605 2.0
1606 2.0
1607 2.0
1608 2.0
1609 2.0
1610 2.0
1611 2.0
1612 2.0
1613 2.0
1614 2.0
1615 2.0
1616 2.0
1617 2.0
1618 2.0
1619 2.0
1620 2.0
1621 2.0
1622 2.0
1623 2.0
1624 2.0
1625 2.0
1626 2.0
1627 2.0
1628 2.0
1629 2.0
1630 2.0
1631 2.0
1632 2.0
1633 2.0
1634 2.0
1635 2.0
1636 2.0
1637 2.0
1638 2.0
1639 2.0
1640 2.0
1641 2.0
1642 2.0
1643 2.0
1644 2.0
1645 2.0
1646 2.0
1647 2.0
1648 2.0
1649 2.0
1650 2.0
1651 2.0
1652 2.0
1653 2.0
1654 2.0
1655 2.0
1656 2.0
1657 2.0
1658 2.0
1659 2.0
1660 2.0
1661 2.0
1662 2.0
1663 2.0
1664 2.0
1665 2.0
1666 2.0
1667 2.0
1668 2.0
1669 2.0
1670 2.0
1671 2.0
1672 2.0
1673 2.0
1674 2.0
1675 2.0
1676 2.0
1677 2.0
1678 2.0
1679 2.0
1680 2.0
1681 2.0
1682 2.0
1683 2.0
1684 2.0
1685 2.0
1686 2.0
1687 2.0
1688 2.0
1689 2.0
1690 2.0
1691 2.0
1692 2.0
1693 2.0
1694 2.0
1695 2.0
1696 2.0
3034 2.0
3041 2.0
3042 2.0
3046 2.0
3057 2.0
3068 2.0
3069 2.0
3070 2.0