200 470.1880976637803
193 8.722069161488003
202 5.0764908464745355
22 4.598984771573605
25 4.582202013640796
16 4.409498080477749
34 4.15628463755265
195 2.9555555555555557
32 2.858379715522572
23 2.7272441440025155
111 2.68936583642466
48 2.6043165467625897
110 2.5994997655150858
65 2.562149734157206
116 2.5507397997309815
50 2.533564814814815
186 2.528376248029427
131 2.5268985095812635
70 2.5234386064296834
113 2.5214723926380374
134 2.5182704906099875
73 2.5127000440463956
53 2.5092175932646246
87 2.4917178733636116
27 2.4904302777378042
31 2.4904125508425334
102 2.484971685784812
59 2.484182385266598
68 2.4839607441042926
28 2.482526685187892
42 2.4805734767025083
56 2.4668450787986913
84 2.465228873239436
62 2.45898464517914
33 2.448844129091325
37 2.447854291417166
15 2.4320099598838008
125 2.43088079770358
39 2.4200497100248555
45 2.4122807017543857
29 2.404294391863257
94 2.4035739814152968
11 2.385457731055628
1 2.3831233187031002
2 2.3831233187031002
6 2.3831233187031002
7 2.3831233187031002
17 2.3831233187031002
18 2.3831233187031002
19 2.3831233187031002
20 2.3831233187031002
211 2.3831233187031002
8 2.379204892966361
9 2.3788231867171565
204 2.378119001919386
10 2.376855895196507
35 2.365270329033193
12 2.365003723008191
30 2.364621467271928
103 2.357286512370311
201 2.3569642594499185
107 2.3458763615787235
14 2.339153595738384
166 2.334334492570345
143 2.3289931621831883
99 2.327617779257533
109 2.3270889087124598
21 2.319477269567636
197 2.3155561910208755
157 2.3140210394096403
13 2.3111581493801028
115 2.3054298642533926
173 2.304843990755008
203 2.3007751937984486
61 2.2972890182263748
190 2.28963684676705
170 2.289384615384616
114 2.2878852194583588
106 2.280744106787844
215 2.276739841195703
182 2.27056035684416
74 2.268404468633629
142 2.2642699463891525
174 2.2481751824817513
164 2.2467776973207823
3 2.246743295019157
196 2.2450108199086323
104 2.219509060532065
101 2.218275804568952
41 2.211185173142579
122 2.207642031171443
139 2.2075261634379864
133 2.206846904495281
140 2.205472951597596
136 2.2043795620437954
150 2.204137708097624
118 2.204088150750559
47 2.201950298836112
120 2.201361405730568
72 2.1992802519118313
130 2.1972668810289386
146 2.196898496240602
148 2.1966858789625356
154 2.1957048280316482
141 2.194928684627575
183 2.194877883310719
172 2.1939753537197633
144 2.1938108151220286
199 2.1936019941836316
71 2.193060462900472
176 2.1923307369682448
152 2.1921741874408327
64 2.1919698870765374
156 2.1918604651162794
112 2.1918386491557227
79 2.1918262705474283
124 2.1917293233082704
184 2.191670610506389
117 2.19087195379631
51 2.1894266337854504
180 2.188940092165899
81 2.1888202327920676
67 2.1887211367673176
160 2.1885245901639343
91 2.1870556872037916
77 2.186222558667676
178 2.1850782555842576
169 2.1841942468295703
44 2.183522901936674
108 2.1834644500519524
96 2.1833513848058175
86 2.1819844535893917
38 2.1813138686131386
158 2.1794797687861274
55 2.1790924909650644
83 2.1780388612742883
162 2.1750067990209416
75 2.17278156996587
167 2.1724619188133025
52 2.172356369691924
58 2.169262992538291
105 2.1670174485708458
165 2.1630080649468564
187 2.160099164926931
205 2.1586687306501546
40 2.158059795107673
189 2.155810510732791
26 2.151587301587302
198 2.1483014312812556
36 2.147554129911788
159 2.1437007202102603
46 2.14123006833713
191 2.138466129513578
63 2.137661160769452
137 2.1354961832061075
135 2.1351723022164704
175 2.129158083884822
155 2.1235472826349038
132 2.12285588623369
151 2.122656728041387
153 2.121136663248864
43 2.118478156042048
123 2.1180278884462154
171 2.1176935964259127
149 2.1168063762539506
97 2.115730751013105
181 2.1153411232566905
147 2.1137596221133665
82 2.113559170539864
177 2.112578755388527
119 2.112469981321712
121 2.1111543450064847
98 2.1095781162772154
179 2.10869657125946
200 2.1086357744653275
163 2.108549083063646
161 2.108118657298985
188 2.107642673409774
57 2.1071428571428568
69 2.1067137504844746
126 2.1057603686635944
76 2.1054827175208586
54 2.105267555035715
80 2.1047020115780266
49 2.1045857149090277
78 2.10377161908731
93 2.1032448377581123
185 2.102708226877875
24 2.1024453769353206
95 2.102405468547201
66 2.1020653218059557
100 2.1009753060801
92 2.1008450916773556
88 2.097563778441738
60 2.0972112874487223
85 2.0967633678872395
145 2.0912601039260967
168 2.0905702571748046
90 2.0782776673479098
138 2.0747668091721723
89 2.0697138206971384