58 182.40154422505273
1950 6.928359683794469
1941 5.60154525386314
1939 5.395674433183576
1962 5.395674433183576
1916 5.374453193350829
1898 5.039868829823957
1970 5.039868829823957
1940 4.758817385715433
1912 4.3528751753155674
1910 4.2905943976315175
1909 4.196043956043959
1913 4.153331618214564
1914 4.122769064359115
1936 4.1175681116628615
1904 3.6831619537275055
1963 3.6831619537275055
2131 3.6831619537275055
2556 3.566902876198416
2560 3.4683708838821508
2557 3.3849206349206336
2543 3.3178137651821866
2544 3.3178137651821866
1966 3.2378660248696365
2197 3.2378660248696365
1908 3.206121575342463
1915 3.1244047619047626
2195 3.0123874963708506
1911 2.992590418898104
1907 2.8720881573441233
2196 2.864907262157426
2198 2.7369088730706896
2536 2.722346710124264
1906 2.6998972250770805
1965 2.6953001715265863
2573 2.6206896551724137
2571 2.593582887700536
2423 2.557458957887224
2570 2.5215348472983568
2562 2.505311077389985
2559 2.4713375796178356
2558 2.3808499193114585
3406 2.1794016238460685
846 2.1586817841369865
2330 2.12895154957357
2326 2.00058631777686
2297 2.000513459727052
2242 2.0001870447660473
2240 2.0001784302337784
2238 2.000177634741176
2243 2.0001774758754607
2321 2.000177272347186
2237 2.000173016836913
2248 2.000165247482406
2220 2.000160705561698
2218 2.000158233856982
2383 2.0001058157242166
246 2.0
273 0.00554683411826269