534 1549.3100451796226
1012 21.679818461313204
1899 19.29610162067453
1969 19.29610162067453
1961 11.81189710610933
1920 10.054489600644615
1933 9.462021262969134
1924 9.457071087666433
1939 8.804931564099876
1962 8.804931564099876
1937 8.803556034482764
1932 8.370505542038387
1925 8.081419056680707
1931 7.89873062233206
1926 7.603799418107129
1921 7.475068141734798
1934 7.470837317306371
1960 7.292820069204158
1015 6.2182339403238265
2966 5.575197889182059
693 5.544000000000005
1165 5.514249694376527
690 5.080386353014484
691 4.982412060301504
674 4.981585268214568
680 4.980410958904114
682 4.955782848151058
686 4.925247028497784
687 4.897478736330499
688 4.862201807675215
676 4.856122600803458
689 4.845095367847415
666 4.795013850415507
665 4.789006179196705
664 4.76393981540018
678 4.750357189245352
2757 4.750357189245352
692 4.745328185328187
672 4.733739527798934
677 4.732016698779698
679 4.726797862001947
2674 4.726797862001947
2755 4.726797862001947
668 4.7093483739349615
709 4.6804907320976135
286 4.668283635326008
673 4.664403641413357
671 4.620109321058694
419 4.600229753015508
436 4.5880653084814345
454 4.5816831683168315
669 4.576378862258156
2665 4.56425582785416
670 4.541183130484007
681 4.509547190398258
2623 4.4478032534904575
283 4.205345955728802
1026 3.8931139021221317
1134 3.848631975781114
2380 3.802234685260172
2613 3.7079925216172014
2618 3.594694840957627
452 3.58824360604776
2610 3.580737497895268
470 3.4836125273124545
2625 3.480015987210232
2626 3.4552509411737535
2598 3.4527386968993294
2620 3.4430670115671806
1120 3.442237282854251
2596 3.3393081962315687
2611 3.3311583970394887
396 3.3285789751716846
2624 3.302811961997067
2609 3.2888184900945934
2608 3.27154370737756
2490 3.2525039536109666
2597 3.2445931332792637
2601 3.232138316806508
2599 3.2148881554822144
2606 3.202808338158656
2605 3.1942127019917335
2416 3.1856581532416497
347 3.1367414796342485
2607 3.1291877277536155
2603 3.12583909945265
2602 3.1119100294985254
2614 3.1051376667612822
2627 3.0975217462662075
379 3.086749017405951
450 3.0856658184902463
2612 3.081526891234281
2617 3.0652517795939906
375 3.0602612726506537
442 3.0579083837510805
410 3.057539395691774
2619 3.024112780317875
987 3.0129870129870127
955 3.011487481590575
962 3.011487481590575
973 3.011487481590575
977 3.011487481590575
972 3.0105882352941182
965 3.0099941211052323
941 3.008715862870424
938 3.0073594347954082
963 3.0070257611241225
953 3.005550686532281
957 3.005550686532281
940 3.004989727032579
942 3.0044104675095546
316 3.0042839657282756
959 3.004081632653061
985 3.004081632653061
939 3.003990877993158
949 3.001452221899507
2615 3.001224960368928
961 3.0011614401858298
969 3.0011614401858298
937 2.9985644559287965
983 2.9982648930017346
986 2.996825396825396
936 2.9965034965034967
954 2.9942495687176547
970 2.9925415949512337
984 2.9911251073575724
971 2.988309096093528
2600 2.9851759421013218
960 2.984126984126984
956 2.974559686888454
968 2.9718741297688673
935 2.96636587366694
981 2.958754438677957
967 2.9551752241238796
958 2.9536459745188397
979 2.952380952380953
934 2.946139559564871
2621 2.941549642769155
978 2.940239043824701
951 2.9390243902439024
966 2.9351607801792308
975 2.9292243405588927
1111 2.9270915289798074
976 2.92688004163414
2604 2.918870949272874
2622 2.887846459014635
406 2.8816996619990336
350 2.8688524590163933
2484 2.860346889952153
1123 2.8403592640880757
1126 2.8332363082710126
1128 2.8274136658190465
416 2.803454437164979
2973 2.780322580645161
352 2.7609673790776155
228 2.7605400936897215
343 2.7604223806911663
980 2.738738738738739
295 2.699914869466515
483 2.697113997113997
3381 2.6923076923076925
404 2.6833900226757366
3371 2.6833210874357096
364 2.6819950987458547
1032 2.6769018457823006
346 2.6747875354107657
335 2.672902494331066
345 2.67182921724571
430 2.6655926029700203
301 2.664902506963789
383 2.662735509851863
380 2.6610559631707673
279 2.6595234738474556
351 2.659391154508903
320 2.6586281588447647
358 2.651387213510253
293 2.647491349480968
478 2.647396356333381
411 2.647108484592655
437 2.647008055235904
446 2.6463555171420334
367 2.645988538681948
332 2.644990968459079
431 2.643910905409314
449 2.6433724713537994
377 2.6431648477886274
366 2.6419613921375227
3022 2.6417758554891235
227 2.6403144791439175
342 2.6396160558464232
282 2.638837175998854
354 2.6384660421545663
334 2.637111389934476
440 2.6329350798905993
324 2.631978242198683
353 2.6318039327443716
426 2.6316017316017324
427 2.6310175843182475
229 2.630032771535581
296 2.6298494499131446
330 2.629703534777651
341 2.6296348118091513
391 2.6273167949814664
491 2.6271137026239066
473 2.6265395311879223
291 2.6247452692867537
370 2.6233936915887845
287 2.6232518717332955
492 2.621428571428572
490 2.620946538124451
360 2.620432622040338
388 2.61978788319047
310 2.617852975495917
489 2.617431324608082
485 2.6141652123327526
458 2.613851302197002
325 2.6131004366812225
349 2.6125413490579605
326 2.610547377447478
467 2.6097491852061783
327 2.6097315917898674
318 2.608801257322474
294 2.6079933156941935
361 2.6079828937990017
321 2.6077678190354256
372 2.6065573770491803
432 2.606395182104961
400 2.6045696663863187
1103 2.6026365348399247
368 2.6013359863558847
433 2.6006894570525714
389 2.59994193642038
299 2.5996793937627514
329 2.599154272382618
487 2.5987149532710276
403 2.598312598312598
486 2.598016336056009
474 2.5975984770830283
290 2.5972461273666085
395 2.5969548980178105
357 2.5968911917098443
420 2.5965286669512033
435 2.5949385187303395
428 2.5946538124452228
373 2.5942523829847772
421 2.5932804082789915
369 2.5922501100836643
471 2.5914527421236886
477 2.588683670477866
475 2.5883560639389938
392 2.5868714679032014
468 2.5861968549796153
385 2.5843478260869563
479 2.584117647058823
947 2.582554517133956
307 2.5822748267898383
444 2.582098143617787
423 2.5815989665566246
328 2.5808619430241055
414 2.5803710522588865
453 2.579224579370885
481 2.577777777777778
355 2.577519941986947
394 2.576027594136246
280 2.575631458094145
382 2.5742082090612133
439 2.57401506373117
455 2.5728268809349886
464 2.571218795888399
466 2.5710935209615946
298 2.5707848837209304
309 2.5695392491467577
451 2.5678887117809013
412 2.5648644731120456
465 2.5630841121495327
405 2.5606189664963086
339 2.5588074398249447
336 2.558365226899945
480 2.555490568796608
340 2.554123711340206
319 2.5536000000000003
1077 2.5369438018778063
1088 2.5358811040339706
1086 2.5342230695900856
424 2.5318931542840457
1107 2.509069164839546
1082 2.5083951581413513
1080 2.4991649656708113
1118 2.4965517241379303
3377 2.483412322274882
1090 2.48206599713056
1078 2.4761904761904763
1125 2.4753200433093427
1117 2.4735883424408014
1095 2.4702842377260987
1087 2.4690587623504934
1091 2.4548370758061795
1106 2.4538166608574414
1089 2.450066577896138
1101 2.448379552288674
2961 2.4445487251681524
1083 2.44327868852459
1100 2.44072249589491
1097 2.4403491755577114
944 2.4378851767758674
1099 2.436369457339523
1130 2.4331160769708267
2949 2.4307219662058372
1085 2.429795649307844
1108 2.4273182957393487
3386 2.420079260237781
3024 2.4172498581426143
3024 2.4172498581426143
3067 2.4172498581426143
3067 2.4172498581426143
1104 2.41618142813362
1081 2.410950570342205
3379 2.4107424960505526
1096 2.409770992366412
911 2.4086538461538467
1084 2.4031716986886242
3050 2.399679615538646
1119 2.3972061657032757
1109 2.393364928909953
1135 2.39236080762171
1094 2.3893703061813985
1105 2.3861070911722138
344 2.385469223007063
1102 2.3810745332763292
1079 2.3786574870912225
3061 2.377670716380394
1114 2.377321874133629
1093 2.3766519823788546
1098 2.3730715287517534
3385 2.354988399071926
1121 2.3334098737083804
1136 2.3334098737083804
2639 2.3310104529616713
2943 2.3310104529616713
2947 2.3310104529616713
2946 2.3184044786564026
3401 2.311619718309859
2498 2.3009768009768004
3375 2.2828843106180665
356 2.282837127845884
3403 2.278481012658228
2964 2.2777777777777777
3374 2.2711555959963605
3378 2.2703894195444527
3405 2.2659654395191584
2616 2.2579358994019323
1129 2.256864988558353
3400 2.2523431867339583
1122 2.252066571145157
3382 2.2448805460750854
1127 2.2441109233674577
1115 2.2432561091716914
1137 2.2394695059306997
460 2.2332583005064714
2201 2.232065280445515
2364 2.232065280445515
2365 2.232065280445515
2367 2.232065280445515
359 2.2312499999999997
2371 2.2309774821974644
3402 2.2309711286089238
3387 2.2297817715019255
3399 2.2297817715019255
3408 2.2297817715019255
3373 2.226923076923077
3383 2.2263313609467454
3376 2.2223880597014927
415 2.221919770773638
3380 2.2217522658610274
3372 2.221037668798863
1132 2.21874421189109
1113 2.2183245431129652
3370 2.2177177177177176
3404 2.2137219186399513
2379 2.206675095038674
417 2.2007629273806164
1124 2.1985539488320365
3384 2.1924398625429555
484 2.160502540937323
1131 2.159145673603504
337 2.1563218390804604
2969 2.155987795575896
2971 2.155987795575896
401 2.155806182121971
1133 2.1514807813484564
3369 2.148876404494382
447 2.1459957476966696
285 2.145861755343337
371 2.1437313220435468
374 2.1394982078853046
425 2.138712471131639
2637 2.137792957248852
2501 2.1368233194527066
2502 2.13470173187941
469 2.1331712201401807
1138 2.132313668366109
1116 2.127734535026629
2366 2.1187620095091773
3081 2.1158469945355196
476 2.1133425034387896
363 2.113213038416765
2640 2.105622236260265
390 2.103681334483751
2643 2.102809625803199
1894 2.102131950446557
429 2.102072248669841
331 2.101584072082546
2974 2.101407778573133
2412 2.0992263706693572
2384 2.0974814024932082
488 2.097068787744882
399 2.09368376430691
2414 2.0932754880694144
2500 2.0922312876906703
2987 2.0901003649635035
1890 2.0879243183082923
2497 2.0823129251700676
397 2.080649840440963
2993 2.080621518616242
2999 2.0806006742261722
3010 2.0790556900726394
2980 2.0781102362204726
3009 2.077189338871582
2642 2.0768942703782294
393 2.0765634132086497
3004 2.0759915228580077
407 2.0738095238095235
2997 2.0645118025751072
448 2.0643928672516276
284 2.063936063936064
2641 2.0638378720709305
2662 2.0630073912516664
2503 2.0629790069976672
333 2.0627538870990336
304 2.0608915764308824
402 2.059365404298874
398 2.0592487597448614
2635 2.0587726879861714
2638 2.0587726879861714
2646 2.0587726879861714
2996 2.054849498327759
2972 2.0518400000000003
1473 2.0480836236933797
3011 2.047935103244838
3002 2.0478642835504393
2963 2.046381447421032
305 2.045662775232747
1476 2.045565500406835
306 2.043905176041521
3012 2.043375627028622
302 2.0433015695067267
2998 2.0416767627816816
2991 2.0358402971216343
3014 2.0355044074436828
2988 2.035267933573018
3001 2.0344903339191562
2986 2.0333407921235174
2975 2.031926065952531
1467 2.0317460317460316
3006 2.0316
2982 2.031387217433729
1475 2.0307599517490953
3013 2.0294291921785503
2995 2.029238884702336
3008 2.0285510349750178
3005 2.028142076502732
3007 2.0281302553126435
3000 2.0280498664292073
2977 2.0277853818779086
2994 2.027351664254703
2984 2.0272511848341233
2944 2.0270793036750483
2992 2.0270319970577417
2951 2.026991002999001
2976 2.025892975700438
2983 2.0255792152136065
2985 2.025531914893617
2989 2.0247078870496593
2952 2.023635833090166
2990 2.022198224142069
2978 2.022069586758248
3003 2.021513638109873
2948 2.0208558072635743
2979 2.0208121357876236
2981 2.019696813447458
2953 2.0180481283422456
2960 2.0174700744095766
2959 2.0167027528611197
2958 2.016569499846579
2955 2.016523867809058
2950 2.016221087413638
2957 2.0161531558480403
2954 2.0160332541567696
2956 2.0143808255659117
2962 2.0142142669123455
2965 2.0134898825880594
2658 2.0109067850348765
2660 2.0109067850348765
2657 2.0109040192722203
2659 2.0109040192722203
2663 2.0109040192722203
2664 2.0109040192722203
2661 2.0109012549119027
946 2.0
1468 2.0
2410 2.0
2413 2.0
2482 2.0
2486 2.0
2499 2.0
2636 2.0
2645 2.0
2647 2.0
2648 2.0
2649 2.0
2650 2.0
2651 2.0
2652 2.0
2653 2.0
2654 2.0
2655 2.0
2656 2.0
2670 2.0
2671 2.0
2967 2.0
2968 2.0
418 0.6815049614112457
3063 0.3938553022794846
3063 0.3938553022794846
3025 0.23369916074887023