258 484.81352035380894
616 48.0
2858 5.788395904436861
607 5.591295336787561
618 5.1544537610888295
1490 4.666068222621186
2859 4.460106158901337
2862 4.460106158901337
2892 4.460106158901337
2891 4.398378470158762
609 3.579977970872598
1919 3.5759531672170506
1518 3.5469507440930195
247 3.3967741935483877
1350 3.2547145440454663
617 2.9588427057864726
3204 2.8333333333333335
2027 2.738808875048657
223 2.6817755129408605
619 2.6797327394209347
1936 2.606764192725808
248 2.570420080181279
662 2.570420080181279
3406 2.5568902235568904
613 2.5564432608374017
608 2.554430643982882
1979 2.516355404640633
610 2.5099516369047623
603 2.504638218923933
3203 2.443820224719101
1485 2.4080000000000004
2545 2.405510283275126
2551 2.3860966057441253
1054 2.3835070508890253
1072 2.380327868852459
1074 2.3794454490657024
1047 2.3725204200700114
1044 2.3721749339594953
1073 2.3716710564822936
1051 2.3651847575057734
1064 2.3513881328252584
1063 2.350374732334047
1050 2.346856528747985
1048 2.341167355371901
2929 2.339969372128637
1045 2.3390007847240386
1043 2.3285470917498174
3361 2.3277909738717337
1055 2.3267543859649127
3200 2.3185840707964602
1076 2.3140174072377464
303 2.3062053084474607
1060 2.3026598026598024
1071 2.298581255374033
1056 2.2959817729908867
1052 2.290881969047175
1075 2.290770694576594
1062 2.2876409017713364
2936 2.285714285714286
2930 2.2831267874165877
1066 2.280337188786512
2925 2.279807692307692
2876 2.279609064871112
2877 2.279609064871112
2878 2.279609064871112
3171 2.274442538593482
3172 2.274442538593482
1069 2.2727756114852884
1059 2.2679353317615365
1067 2.266948406409579
2928 2.264545454545455
2919 2.258802816901409
1061 2.2551987767584096
2933 2.2515125324114083
2934 2.2505966587112174
2918 2.246861924686193
908 2.2459530026109658
950 2.2459530026109658
2921 2.2354312354312356
2932 2.2325000000000004
2923 2.23094512195122
1053 2.2258856167306873
1057 2.2256547165013987
2895 2.2242969740669833
1046 2.2241946861039263
1049 2.221910440781013
2899 2.2201791158536586
1068 2.216335779024601
1488 2.2152080344332856
2860 2.2131768026687197
2861 2.2131768026687197
2863 2.2131768026687197
2938 2.2077836411609497
2867 2.2032764961551328
2868 2.2032764961551328
2869 2.2032764961551328
2935 2.202675585284281
2926 2.2022008253094905
2937 2.2016293279022405
1065 2.19670952081273
2931 2.183520599250936
2920 2.1728531855955673
910 2.172021838360333
2547 2.1680061232300036
1489 2.168
943 2.1638441800793093
2927 2.1635462555066076
1487 2.162287480680062
2549 2.160785886126704
2922 2.1514836022904738
245 2.1447136304833583
614 2.1447136304833583
2911 2.1381990131578945
2856 2.127261549271036
2914 2.127261549271036
2897 2.1136926889714993
456 2.1118881118881117
1486 2.110277569392348
1844 2.1051856982079475
2924 2.099190283400809
2893 2.0857286938981336
2908 2.084769924413208
2906 2.0844985535197686
2879 2.0750589834846247
2880 2.0750589834846247
2881 2.0750589834846247
270 2.0747118995209117
2909 2.074238208114329
2898 2.0705445544554455
2912 2.06877733638297
2939 2.064516129032258
2864 2.0628287310979623
2865 2.0628287310979623
2866 2.0628287310979623
2900 2.0627097315436242
2940 2.058252427184466
2904 2.0581639803784157
2857 2.046915040410015
655 2.0438888888888886
263 2.040284719067091
258 2.0397608370702542
259 2.039731142643764
255 2.039701492537313
260 2.039290989660266
266 2.03928518682617
265 2.0390430060179066
269 2.03899721448468
256 2.0388434579439254
267 2.038786818314377
262 2.037645060854798
264 2.0367962373772306
254 2.0355092778000268
2905 2.0346909537453954
257 2.0341946265586834
2885 2.033739709388637
2886 2.033739709388637
2887 2.033739709388637
2907 2.0336956047313515
2902 2.032652701989086
2901 2.032407201600356
2913 2.032181273144066
2894 2.030955641312918
2916 2.030875653787751
2882 2.030376223031891
2883 2.030376223031891
2884 2.030376223031891
2910 2.0289564109493843
2896 2.0283469192920616
2917 2.028271435461731
2870 2.026617285659894
2871 2.026617285659894
2872 2.026617285659894
2903 2.026315789473684
2888 2.025417151726814
2889 2.025417151726814
2890 2.025417151726814
2941 2.024644549763033
2873 2.0236507736822245
2874 2.0236507736822245
2875 2.0236507736822245
253 2.0210960425093187
1110 2.0
3190 2.0
3206 2.0
3207 2.0
657 0.8979257641921398
606 0.7163927517909816
317 0.5331278890600925
3370 0.21771771771771772
2543 0.21295546558704453
2544 0.21295546558704453
408 0.19806243272335844
482 0.17764578833693304
292 0.08708874758086813
632 0.08098718102312208
311 0.06257928118393234
365 0.05735080058224163
289 0.05011655011655012
647 0.04929408949509452
322 0.048912270723730986
323 0.04867132867132867
630 0.046414602346805736
384 0.045830311820159536
315 0.04538842013383765
288 0.04519774011299435
443 0.0451650260567458
438 0.04495990836197022
413 0.04470723968849149
314 0.044687777448949396
348 0.044570617459190914
312 0.04456094364351245
386 0.04449614657554166
281 0.044309894041557725
434 0.04428044280442804
297 0.04427938865876303
313 0.04384104087116391
646 0.04352987732489118
387 0.04345340194396798
626 0.0434304562946674
300 0.04336043360433604
441 0.04331317676838701
409 0.043232551568239616
631 0.04310111141230686
659 0.043001566282215575
658 0.042970973249857713
308 0.04253484696077023
654 0.0424764019988895
627 0.04247460757156048
651 0.04213633923778851
643 0.0413019693654267
621 0.040741227493757394
642 0.04068435942341372
641 0.040288153681963715
639 0.040154234809200905
652 0.03997093023255814
648 0.03970549566132001
640 0.03951845066736456
649 0.03949777661522365
376 0.0392312789927104
633 0.0391648294644015
629 0.03858438737702823
381 0.0385617509119333
378 0.03810995236255955
637 0.03803967327887981
628 0.03765116569006358
620 0.03743182944967774
635 0.037394749876176324
644 0.037394749876176324
645 0.036865234375
624 0.0366327025715672
634 0.036328641886202336
636 0.036193672099712366
625 0.03618066371151312
638 0.036052908814233876
623 0.035970377336311275
650 0.03572679509632224
622 0.03520634180461646
653 0.03449762828805519
656 0.0302734375