28 68.85604783440787
3027 5.7680269413629155
1013 3.439422954168263
2931 3.2877652933832717
2825 3.236376759292675
2950 3.034845298888557
2977 2.961264713933753
1857 2.9209897371010825
1573 2.9100098575141176
1853 2.8195702121908344
625 2.535881154905955
2648 2.5015259409969475
2663 2.322175732217573
2920 2.3218836565096947
1854 2.30877146977842
2800 2.305058763413389
2801 2.17134541357619
2680 2.168666026871401
3084 2.1567677399187244
1860 2.087789970829282
2829 2.0778194481650147
710 2.068870523415978
626 2.0684442001099503
2990 2.0527957763378932
2827 2.003810560696788
2324 2.0
2826 2.0
3037 0.6630848444145959
3037 0.6630848444145959