56 20.693274768025464
2383 3.8184110158769604
1926 3.527639911004621
3383 2.6789940828402363
411 2.6179822710004226
3025 2.2139014417904024
653 2.021776627856835
413 0.4917796365734064
376 0.49039098740888004
381 0.4854090672225117
378 0.485129393588258
408 0.4047362755651238
303 0.29814567931159863
637 0.18214702450408402
482 0.08369330453563716
2505 0.043182920912178555
657 0.03084061135371179
387 0.026014865637507146
659 0.022639897479709525
658 0.022623790552077406
443 0.022437753329473075
655 0.022083333333333333
654 0.02207107162687396
281 0.021879730287601488
626 0.021852666300164927
643 0.02174507658643326
631 0.02155055570615343
642 0.021419911087161524
651 0.0213365539452496
641 0.021211312700106722
639 0.02114080574391703
627 0.020973486347447567
646 0.020973486347447567
648 0.020904549040231396
621 0.020896307004862662
640 0.020806071708976706
649 0.020795187025895893
630 0.020730117340286833
633 0.020619893658410063
629 0.020314296665389038
628 0.019822964717616257
620 0.019707486365889936
635 0.019687964338781574
644 0.019687964338781574
645 0.0194091796875
624 0.01928675400291121
652 0.019258720930232558
634 0.01912666907253699
636 0.01905560882070949
625 0.019048760033544988
632 0.019048760033544988
647 0.019023689877961235
623 0.018690490184553897
638 0.0186117289008545
650 0.018563922942206657
622 0.018535789228258336
656 0.01552734375