33 53.88923926999807
1983 6.155232891368308
3025 5.476651603184851
2029 5.3309942146989515
1988 5.313138872353091
1998 4.916438105686597
1851 2.8743520118489263
698 2.73450640445077
1869 2.569442605587184
2923 2.30640243902439
1544 2.276987989775553
3144 2.196554234409124
1663 2.182127517152898
1535 2.1342721722678424
3083 2.1161245794150636
1672 2.0463000957461364
1645 2.0001866455135087
2514 0.23095022624434391
2511 0.17031070195627157
2515 0.16161262050832603
417 0.10031082226617688
489 0.08226664749029196
452 0.07884696905468419
2408 0.07605088495575221
2494 0.07605088495575221
345 0.046044370029300966
346 0.04475920679886686
2504 0.04448651206814955
2506 0.03594697820714446
2512 0.028974456728936334
2513 0.022612317762570663
336 0.022279934390377256
340 0.019533369506239826
333 0.01848998459167951