50 29.905453767262223
3377 2.7251184834123228
2379 2.6097312578467267
2366 2.224548399659347
2201 2.1127754931913594
2364 2.1127754931913594
2365 2.1127754931913594
2367 2.1127754931913594
2371 2.1122468618352115
1503 2.102469135802469
2384 2.001464104061408
2382 2.0009984148389997
2380 2.0
3050 2.0
482 0.5431965442764579
406 0.1294060840173829
2416 0.10117878192534381
2497 0.08231292517006802
2502 0.06735086593970493
2500 0.04611564384533522
377 0.02986789201608271
415 0.029083094555873927
430 0.027738862426449986
467 0.027207028482357943
361 0.026799714896650034
281 0.02628319801843952
294 0.026040941373067818
409 0.025996044080248658
353 0.025933314334568254
431 0.025889499566097773
318 0.02571795970852979
317 0.025213615352290237
341 0.024765635931159928
321 0.024612320386968273
334 0.02369998605883173
379 0.023441886580572713
279 0.022557451008036092
388 0.022519250326892344
413 0.022209402942024805
391 0.02209865982321072
485 0.02137870855148342
489 0.02056666187257299
315 0.019639220250218213
410 0.019083417666618478
308 0.018393447334387126
310 0.01823220536756126
331 0.017003342537421886
304 0.01687526367599494
305 0.01669868479385252
306 0.016552111095525318
302 0.01611547085201794