41 73.88531540465034
3030 4.810574438481415
3030 4.810574438481415
3036 4.157037037037036
1567 4.011944556816486
1566 3.8690039840637374
1624 3.1978406716281085
1528 3.0811334463550497
2950 3.0510663863021947
1568 2.8737270030904534
2678 2.7601626016260155
2870 2.62462358519954
2871 2.62462358519954
2872 2.62462358519954
1627 2.4668133327798785
2648 2.399344410534644
2691 2.3239849800516317
2920 2.3218836565096947
3085 2.2427334570191726
2976 2.24259726463949
3096 2.1840838988278835
1542 2.179794186500195
2882 2.14193310680804
2883 2.14193310680804
2884 2.14193310680804
2842 2.0557711657323554
1564 2.0134725241393254
406 0.1834862385321101
279 0.04144931622726632
361 0.040484675694939416
283 0.03842405680077962
405 0.0380465644520159
404 0.03443877551020408
375 0.022334597555836493
401 0.021164021164021163
379 0.02021336327905671
441 0.017156518070594852
403 0.016874016874016875
447 0.01644223954642098
300 0.01540436456996149
335 0.01473922902494331
417 0.011443910709239898