57 34.94094531625754
1872 4.319042609153077
1648 3.467962768830019
639 2.7880600983911723
2442 2.783904619970193
1650 2.7731094467262594
2933 2.408815903197926
2655 2.389847023287538
1645 2.373850963557466
1644 2.337950753000914
1009 2.328125
1008 2.3153206650831355
1675 2.0397825668654996
303 0.8751666464670949
623 0.46937815916304215
622 0.15073443693168573
644 0.12456661713719663
641 0.09244930629669157
643 0.06332056892778994
279 0.04144931622726632
283 0.03842405680077962
657 0.03084061135371179
659 0.022639897479709525
658 0.022623790552077406
375 0.022334597555836493
655 0.022083333333333333
654 0.02207107162687396
281 0.021879730287601488
626 0.021852666300164927
631 0.02155055570615343
642 0.021419911087161524
651 0.0213365539452496
401 0.021164021164021163
627 0.020973486347447567
646 0.020973486347447567
648 0.020904549040231396
621 0.020896307004862662
640 0.020806071708976706
649 0.020795187025895893
630 0.020730117340286833
633 0.020619893658410063
629 0.020314296665389038
628 0.019822964717616257
620 0.019707486365889936
635 0.019687964338781574
645 0.0194091796875
624 0.01928675400291121
652 0.019258720930232558
634 0.01912666907253699
636 0.01905560882070949
625 0.019048760033544988
632 0.019048760033544988
647 0.019023689877961235
638 0.0186117289008545
650 0.018563922942206657
637 0.01855309218203034
653 0.017141009055627425
656 0.01552734375