58 117.99885516659363
2967 2.618792971734148
2670 2.507734768979147
2639 2.141463414634146
2943 2.141463414634146
2947 2.141463414634146
2641 2.0405319822672574
2643 2.039813531561043
2640 2.035881238155401
2642 2.0334540007489705
2946 2.03149055283415
2637 2.031091744199741
2944 2.0270793036750483
2635 2.0251882948512163
2638 2.0251882948512163
2646 2.0251882948512163
2963 2.023190723710516
2966 2.0184696569920844
2658 2.0109067850348765
2660 2.0109067850348765
2657 2.0109040192722203
2659 2.0109040192722203
2663 2.0109040192722203
2664 2.0109040192722203
2661 2.0109012549119027
2665 2.010041841004184
1751 2.004996820205324
2636 2.0
2645 2.0
2647 2.0
2648 2.0
2649 2.0
2650 2.0
2651 2.0
2652 2.0
2653 2.0
2654 2.0
2655 2.0
2656 2.0
2662 2.0
2671 2.0
2948 2.0
2949 2.0
2950 2.0
2951 2.0
2952 2.0
2953 2.0
2954 2.0
2955 2.0
2956 2.0
2957 2.0
2958 2.0
2959 2.0
2960 2.0
2961 2.0
2962 2.0
2964 2.0
2965 2.0
2968 2.0