35 50.65588476968267
1933 3.7430511079800173
1974 3.358781513344241
2596 2.3798874734154167
1518 2.166768365029323
3080 2.1657081236520486
1934 2.1471110504029505
3102 2.145859872611465
2980 2.113700787401575
1519 2.0455304264875394
1468 2.019159911569639
1691 2.010359837492745
2822 2.003044744506222
1572 2.000205165029621
1628 2.0001925669170038
1644 2.000172537033842
1521 2.0001695161524675
1578 2.0001666190612206
1520 2.000151679306609
1593 2.0001438701058474
1932 2.0
2675 2.0
2727 2.0
2758 2.0
411 0.08695652173913043
2414 0.05020142547257515
366 0.04508947442581372
367 0.036532951289398284
286 0.03238693108860037
310 0.029609101516919485
369 0.019081168354616176
444 0.01395884299899266
287 0.013278711682441022
436 0.010258633145499206
465 0.009491822429906541
315 0.00887401803898749