24 43.61497019129802
871 6.005662380559158
2382 5.107426597582035
2509 3.882502651113469
2783 3.4536910923454096
2793 3.431790744466801
2712 3.054545454545455
2619 3.0400609623339867
2710 2.8602767044746336
3107 2.2831581301722204
3135 2.273771180506932
3122 2.1632265073329706
256 2.0194217289719627
3379 1.8520273828330698
2498 0.8101343101343104
2510 0.4127668751347854
339 0.2033643326039387
333 0.18686090488863988
340 0.18475311991318502
336 0.17099507927829416
311 0.11543340380549683
469 0.03547418108997282
471 0.022753792298716453
470 0.02272396212672979
489 0.022148712785847836