33 111.19653279609787
3027 24.77099841521394
159 5.877769054852036
702 4.160860097985843
1875 4.156412253374871
1876 3.358754758020664
2034 3.333830596609374
2680 3.23968330134357
2977 3.2137968792773055
1870 3.0564833672776643
420 3.048086498790726
646 3.037066350085741
2431 2.915561307020382
418 2.866179713340683
2800 2.8652273888605038
1853 2.85011488038924
2718 2.673230626665124
423 2.642744366298264
2714 2.631355418031791
2721 2.618927762396173
2719 2.594208211143697
2720 2.594208211143697
851 2.589349710298228
1013 2.5147453083109923
2930 2.4070543374642512
3379 2.2627698788836224
2931 2.260299625468165
3110 2.216177913441621
158 2.136994219653179
2801 2.101492817575814
255 2.039701492537313
2223 2.000449878693424
337 0.08735632183908046
415 0.07464183381088826