41 89.46507255493364
2537 6.702279839070185
866 4.98338480785019
861 4.589574242245549
2546 4.075451647183849
843 4.028426148811295
2562 3.909711684370259
2548 3.7701149425287372
2550 3.2402017850213425
2536 3.2236708087186816
2557 2.7160493827160486
2560 2.701906412478337
1370 2.232147010932775
2565 2.1854120267260573
1522 2.1283845858319275
2204 2.124526597524255
2207 2.123853448543702
2211 2.122058685339802
2250 2.1171805190278525
2261 2.1150277149816588
1521 2.106528793529326
1953 2.073293172690763
228 2.050702672912648
263 2.040284719067091
1958 2.037631014016921
268 2.0366542648477335
1706 2.0236151237281748
2245 2.000840352621116
2203 2.000706038707534
2328 2.0005652214871117
2369 2.000250754990569
2372 2.000250754990569
1110 2.0
2547 0.9104477611940299
425 0.5431581986143188
438 0.14060710194730813
434 0.10729491910303718
1361 0.08638788504560317
430 0.08097506304286915
471 0.045507584597432905
470 0.04544792425345958
312 0.04456094364351245