30 64.48775101128487
1735 4.0078015961063596
1715 3.285699204729396
1174 2.610846875412868
1158 2.1501163113302173
1709 2.1501163113302173
2852 2.075645059786029
1176 2.0586541766930218
1712 2.0577604353853265
1725 2.0286932113525316
1724 2.0215301728536152
1730 2.0188063146006727
1732 2.013970256872465
1733 2.004035246644157
1714 2.002324086436236
2851 2.0017517517517516
362 2.0
1699 2.0
1700 2.0
1701 2.0
1703 2.0
1704 2.0
1705 2.0
1706 2.0
1713 2.0
1720 2.0
1723 2.0
1726 2.0
1729 2.0
1731 2.0
1734 2.0