24 51.2005001121403
145 4.590105369515012
97 4.5724961844113485
446 3.4939498703543634
445 3.1086559902696136
438 2.8399198167239392
438 2.8399198167239392
144 2.268782899984048
1370 2.2456385205861826
96 2.1658672443137865
2235 2.128850643108894
243 2.0969491525423734
1958 2.037631014016921
266 2.019642593413085
2369 2.001477273966181
2372 2.001477273966181
2230 2.0005991981639117
2209 2.000493632826928
2210 2.0004901622367965
2337 2.0003669803989297
2243 2.0001774758754607
460 0.39842431063590317
434 0.2835651433437411
441 0.05315708057938405
415 0.05186246418338109