132 674.0080963499366
1609 22.04905198971006
800 18.9855323239606
852 18.9855323239606
902 8.832724997392845
855 8.71979310759608
799 7.766561514195585
773 6.484806792719839
769 6.4478117087790014
763 6.4369517315927345
752 6.313162702545804
765 6.313162702545804
767 6.273720449850816
818 6.216557458383942
819 6.216557458383942
804 6.110404250910997
805 6.110404250910997
901 6.012662873921822
820 5.873229340356237
821 5.873229340356237
759 5.731616885997338
877 5.731616885997338
885 5.731616885997338
894 5.731616885997338
900 5.731616885997338
778 5.660643704121962
794 5.659583858764184
774 5.638110678344768
775 5.6372921615201905
755 5.626849678538626
766 5.603770881100557
781 5.457402613041124
768 5.439703395342787
770 5.4354470894178855
761 5.435309029051731
780 5.416465712132631
791 5.416298352631771
782 5.367280568418821
784 5.304922799972306
795 5.290130998438878
802 5.2690909090909095
787 5.2682656733697435
779 5.266958643977133
762 5.243163486130239
772 5.243163486130239
776 5.243163486130239
796 5.20574814067818
786 5.205660710235151
792 5.205490848585692
789 5.204614326822685
783 5.187245460207945
803 5.187245460207945
785 5.184298495723135
758 5.128468263017864
757 5.1186696087401105
847 5.0791503816325285
806 5.049124188151939
807 5.049124188151939
808 5.028592647604903
809 5.028592647604903
814 5.010848497900291
815 5.010848497900291
816 4.7999513485571805
817 4.7999513485571805
822 4.798617231235181
823 4.798617231235181
810 4.74200338311047
811 4.74200338311047
875 4.677051727965663
834 4.333712759669898
867 4.317429706483589
862 4.30921586039149
866 4.308964384846946
878 4.305697081982399
836 4.287568473550813
832 4.265600847944178
833 4.235993016348093
860 4.229092167493368
889 4.223467748106206
873 4.22314692385471
882 4.222111247695144
874 4.221774503031699
880 4.221239278433787
887 4.221049375555813
892 4.219696680291858
879 4.218507714746297
890 4.2180685358255445
893 4.216751621872104
883 4.213914449620761
886 4.2137683980998375
884 4.213235008732777
876 4.213206732844195
869 4.20931860609832
864 4.208923679060664
863 4.2083546194050365
870 4.207278795343479
858 4.20385055430623
897 4.2026592635885445
861 4.2026182332822275
868 4.201925540871985
871 4.189925681255161
846 4.16715307730055
898 4.111323951963456
895 4.110316611993659
812 4.051155872327236
813 4.051155872327236
828 3.9924529376584172
826 3.953998870147688
844 3.9468003084040104
825 3.9082341131528313
830 3.8438532716457363
839 3.82965196837558
1022 3.8050141148003753
831 3.7970407115976728
829 3.7723934331797224
827 3.7713463299751417
835 3.7664756187962176
838 3.764874158407258
843 3.7644767803532315
854 3.747003066629495
837 3.728045038419597
841 3.705256727111161
840 3.629807885939829
842 3.619852308249898
851 3.590996879325138
760 2.9361268939393943
824 2.9361268939393943
853 2.862708372354374
756 2.8580156457830768
904 2.8578675625098637
764 2.8434325190770755
1673 2.5929227312689256
1542 2.3592713616855248