21 57.782637866233976
2873 5.2100893194112485
2874 5.2100893194112485
2875 5.2100893194112485
2981 3.5526451479839136
2985 3.4542159180457066
2984 3.320826750921536
2986 2.7225330051465666
2784 2.4696329548455247
2781 2.4624469214437363
2685 2.409107969473289
2794 2.3272704465629714
2765 2.277301797996863
2810 2.246324939281605
2783 2.235766821029692
2792 2.22914720405712
2767 2.121681696938905
2760 2.101518888744645
2766 2.0739419291338583
2782 2.0657120940935823
2761 2.063408882483951
311 0.018886539816772376