27 37.3957508893265
812 4.513331267431051
813 4.513331267431051
632 3.555049718461723
1592 3.532991598565364
2952 3.2941348117887355
1661 2.4805051265167943
2831 2.2430262620764725
2906 2.1172854387656703
1865 2.07013698630137
822 2.067003463128235
823 2.067003463128235
2681 2.0556655121227116
3038 1.2792061344158774
3038 1.2792061344158774
406 0.05408015451472718
279 0.04144931622726632
283 0.03842405680077962
405 0.0380465644520159
337 0.022413793103448276
375 0.022334597555836493
401 0.021164021164021163
379 0.02021336327905671
403 0.016874016874016875
447 0.01644223954642098
361 0.01368496079828938
417 0.011443910709239898
451 0.011302709752209825