38 217.9498196278421
804 13.587790818129799
805 13.587790818129799
820 10.869754250362298
821 10.869754250362298
816 10.43357557697573
817 10.43357557697573
2894 9.484750404581108
808 8.513908487024
809 8.513908487024
3038 8.068110058637801
3038 8.068110058637801
810 8.022793898154601
811 8.022793898154601
1000 6.779038795599307
818 6.5959179483669965
819 6.5959179483669965
806 5.543160795119068
807 5.543160795119068
814 4.627597717239152
815 4.627597717239152
2997 3.59965128755365
2999 3.3401777505363164
2998 3.2304337291010436
796 3.0873566116223388
792 3.0869006201784894
789 3.03939494257557
787 3.0341026350892215
786 3.0283035511757417
762 3.002164076332878
772 3.002164076332878
776 3.002164076332878
785 3.000884868744472
1001 2.449192148484444
783 2.4036222509702463
803 2.4036222509702463
2908 2.3259846174247447
2750 2.0956830878618593
491 0.029008746355685133