26 131.54075637278544
2548 17.217569786535318
1920 16.96716523140454
2561 8.61719833564494
2547 6.845005740528132
2562 6.500000000000002
1979 5.441086587436329
2576 4.93214588634436
2560 4.908578856152516
2543 4.823886639676112
2544 4.823886639676112
2582 4.597491448118581
2581 4.5826984517080325
2564 4.360406091370558
2583 4.268509615384616
1959 4.078764044943822
294 4.06447569976326
2563 3.5323529411764714
2567 3.2943425076452613
2565 3.2388641425389726
2614 3.216406471757024
2615 3.044530912235192
1919 2.763284299009306
1361 2.7270693512304276
1921 2.4749078082411406
2501 0.13682331945270673
2503 0.08330556481172942