31 27.5626183370126
3030 5.032399125422382
85 2.9150570512342453
621 2.840977789459851
1850 2.745880776959143
1159 2.6728772246151777
1397 2.2425882494437435
840 2.2067139232349278
1522 2.1283845858319275
2823 2.12784962005066
83 2.1201988251242656
373 0.05861431213543889
371 0.058204070015653905
405 0.0380465644520159
327 0.03731878857470934
372 0.03578047042052744
441 0.034313036141189704
293 0.03128604382929642
291 0.029839883551673944
343 0.02646736149204608
332 0.022231485341114354
311 0.018886539816772376
317 0.018630060232525565
352 0.01729471316085489
345 0.015766708525184876
300 0.01540436456996149
346 0.015155807365439094
322 0.01407649651642258
297 0.013569490072846736
397 0.01174934725848564
451 0.011302709752209825
383 0.005752912411908529