132 229.22620116930767
741 5.12012692656391
2696 5.113685005665361
742 4.723409223584361
3027 4.224445324881141
3030 3.875968992248062
3030 3.875968992248062
947 3.7476635514018684
3062 3.5178041543026706
3047 3.3033497306160697
3061 3.190615835777126
3026 3.165111821086262
3026 3.165111821086262
989 2.99157327773434
3029 2.964308476736775
921 2.9346173340091237
3054 2.895798002638025
1022 2.823228928619437
933 2.7787074087546983
2993 2.6813251245968943
3031 2.6693140794223824
3037 2.622117752406537
3037 2.622117752406537
924 2.6178217821782184
3199 2.5925441465009813
1021 2.5539563390951034
3050 2.551661994393272
988 2.5365678346810414
3039 2.5219378427787933
3039 2.5219378427787933
3040 2.481581311769991
1031 2.4549844774060023
987 2.4144037780401417
962 2.4141384388807072
955 2.4135493372606778
973 2.4135493372606778
977 2.4135493372606778
972 2.4129411764705884
938 2.412717103326465
965 2.412698412698413
942 2.412231696559835
959 2.4113702623906703
963 2.4110070257611245
953 2.4101665205959684
957 2.4101665205959684
985 2.40932944606414
949 2.4077839093813536
961 2.407665505226481
969 2.407665505226481
954 2.407418056354227
983 2.406015037593985
986 2.405194805194805
970 2.402753872633391
984 2.4019467506441456
971 2.400342172797263
960 2.3979591836734695
967 2.3928280358598206
958 2.392518297641637
956 2.3925076880067095
968 2.3909774436090228
978 2.3872509960159363
981 2.383501775471183
979 2.37987012987013
951 2.3722163308589606
966 2.3700579862941487
975 2.3666753721598326
976 2.365339578454333
922 2.317495630065152
980 2.2581356867071154
925 2.155054432348367
920 2.0
923 2.0
927 2.0
931 2.0
946 2.0
1034 2.0
1036 2.0
3053 1.3808889628766439
3049 1.346263008514664
3044 1.1967854039965247
3044 1.1967854039965247
3028 1.1631516116195781
3024 0.9786268205031208
3024 0.9786268205031208
3067 0.9786268205031208
3067 0.9786268205031208
3060 0.9625282167042889
3064 0.955957810718358
3051 0.6608350828084908
3051 0.6608350828084908
3035 0.6523224043715847
3038 0.6396030672079387
3038 0.6396030672079387
3052 0.6342998426612722
3045 0.5706273369339426
3045 0.5706273369339426
3063 0.5670961347869178
3043 0.5502392344497608
3058 0.5501737175556918
2480 0.5472078295912493
3056 0.5461478294876809
2451 0.5242278265797676
3048 0.4845822875582646
2449 0.4810199942045784
3057 0.46492128678986994
2473 0.3824200913242009
3065 0.3751547668179942
2452 0.33286159071610527
2501 0.31290898274836404
2460 0.31285072951739623
2453 0.2792091072498502
2478 0.2624753312658585
2478 0.2624753312658585
2482 0.2337577538361084
2459 0.1920886075949367
2442 0.18539493293591655
2484 0.17643540669856458
2455 0.17408798283261803
2408 0.15210176991150443
2494 0.15210176991150443
2461 0.14449166394246488
2437 0.12938084112149534
2503 0.12495834721759413
2464 0.12135126270908494
2487 0.10500758725341426
2500 0.10429230223483504
2439 0.06529209621993128
2474 0.05041500153704273
2457 0.04533152909336942
2502 0.04361770365618987
2485 0.03371592539454806
2454 0.022322872856680685
2483 0.008107155445893549