78 182.26912943890198
738 6.754515296719493
729 6.080816796088589
727 5.697895121060947
736 5.660858478538029
722 5.542638419084914
728 5.374109124897767
739 5.31586164863629
726 5.279563297350342
737 5.1666924864446155
740 5.160453557005288
730 5.110437081972316
734 5.108211920529804
733 5.088564325668118
743 5.049412775708962
735 4.954496930878037
725 4.927801218940455
732 4.751358852781304
731 4.570408891608038
723 4.275587798269378
3030 3.1910157026436092
3192 2.973856209150327
2987 2.7673357664233564
2999 2.69016242721422
3031 2.6693140794223824
3009 2.662512980269991
2980 2.662362204724411
3047 2.651674865308035
3004 2.646987587042082
3025 2.6313750806972243
3029 2.6269386020820056
3037 2.622117752406537
3037 2.622117752406537
3032 2.6084957302386687
3062 2.5602744807121662
3050 2.551661994393272
3054 2.540983606557377
308 2.540451214254921
3039 2.5219378427787933
3040 2.481581311769991
3011 2.3945427728613575
2970 2.366935483870968
3016 2.366935483870968
3022 2.355552728660476
230 2.1483283091257883
3015 2.0176270362265987
3024 0.9786268205031208
3024 0.9786268205031208
3067 0.9786268205031208
3067 0.9786268205031208
3049 0.673131504257332
3051 0.6608350828084908
3051 0.6608350828084908
3035 0.6523224043715847
3038 0.6396030672079387
3052 0.6342998426612722
3061 0.5953079178885631
3045 0.5706273369339426
3045 0.5706273369339426
3043 0.5502392344497608
3058 0.5501737175556918
3056 0.5461478294876809
3060 0.5057938299473288
471 0.4886231038506418
3048 0.4845822875582646
3059 0.48087236324633537
3057 0.46492128678986994
3053 0.4602963209588813
3026 0.388370607028754
3064 0.3824116305587229
3065 0.3751547668179942
2416 0.10117878192534381
2498 0.05402930402930403
2497 0.04115646258503401
304 0.01687526367599494
305 0.01669868479385252
306 0.016552111095525318
302 0.01611547085201794
322 0.01407649651642258