66 286.615579138561
800 18.603604902667648
852 18.603604902667648
902 8.338877880905205
799 6.220334870177142
844 4.9766218746558
875 4.413083697180493
834 4.167042444673073
832 4.098463101179173
833 4.066276670521279
836 4.048013245033113
876 4.021736571585514
860 3.9491290806321375
882 3.9448371235402577
892 3.9433854146770058
889 3.941234983548856
893 3.940106580166821
874 3.9383298794995785
890 3.9380408445829005
887 3.9362796272667513
862 3.9362572873634214
867 3.936051220735141
879 3.9359407384662624
880 3.9349590368860348
873 3.9327603640040447
884 3.9320395885891712
878 3.9306777829241932
866 3.9280268970639978
883 3.927463134793825
886 3.92722529398022
863 3.926120957283765
864 3.9245401174168295
869 3.9220597386434353
870 3.9213317970519297
861 3.9185045406297916
858 3.918136268591944
846 3.9097084118908034
871 3.90928394479179
759 3.866098624870619
877 3.866098624870619
885 3.866098624870619
894 3.866098624870619
900 3.866098624870619
897 3.8490648743424893
868 3.848006735732328
898 3.8413394238561844
895 3.8389664958903094
826 3.7542571221047534
828 3.7192777603736507
825 3.7058807127122657
835 3.6236598022021735
831 3.5897194663017444
829 3.5861175115207367
830 3.5737497246089447
843 3.5729045519703573
839 3.5649197163583013
838 3.5576039529574937
827 3.52076409786733
841 3.497403571131043
837 3.4817538609793823
840 3.476599943614322
842 3.4532233950980835
851 3.152776242875865
854 2.986688040144968
853 2.8071174377224204
760 2.761600378787879
824 2.761600378787879