106 3197.1483472887207
459 306.11860649247615
2967 125.2131398013758
3060 77.00391271632793
3027 66.45721077654511
3027 66.45721077654511
3062 63.638909495549015
3062 63.638909495549015
3054 62.09723007348779
3054 62.09723007348779
2961 58.62505865790712
3040 58.58520515124298
3029 51.73252602506908
3029 51.73252602506908
3030 48.015503875968996
3030 48.015503875968996
3051 47.97760671798459
3051 47.97760671798459
3024 46.55721581237002
3024 46.55721581237002
3067 46.55721581237002
3067 46.55721581237002
3063 44.555996035678895
3063 44.555996035678895
3056 40.282166601486146
3025 38.53755110824193
3025 38.53755110824193
3049 38.298486281929975
3049 38.298486281929975
3043 37.494162679425855
3043 37.494162679425855
2956 35.39440745672436
2949 31.950844854070652
3058 30.342325771510286
3061 29.661499790532027
3061 29.661499790532027
2968 28.838782644458117
3026 28.429776357827485
3026 28.429776357827485
2957 27.80346993718208
3057 26.624914442162904
3057 26.624914442162904
3036 26.55661375661373
3036 26.55661375661373
2959 25.986390349520544
2965 24.35848113914561
3059 24.28780836610657
3059 24.28780836610657
3047 23.336612789880537
3047 23.336612789880537
3028 23.31715081575804
3028 23.31715081575804
2958 22.63025467934943
2964 21.432231800766274
3050 21.231277533039634
2955 21.216952264381813
3038 21.125394677492114
3038 21.125394677492114
2525 20.97718940936852
3031 19.45559566787004
3031 19.45559566787004
3064 19.05287913340934
3022 18.958529449179515
2960 18.69653833710775
2952 18.29092500729496
3052 18.163407507305003
3052 18.163407507305003
3037 17.603537049473918
3037 17.603537049473918
3065 17.518365662401976
2966 17.399736147757295
2954 15.96555819477438
2950 15.911084409732641
2962 15.102921821531957
472 15.028345567476004
3044 14.595786272806258
3044 14.595786272806258
3044 14.595786272806258
3039 13.762157221206582
3039 13.762157221206582
3053 13.680206425836543
3053 13.680206425836543
3045 13.286248442044041
3045 13.286248442044041
398 13.2837703756201
2951 13.202932355881371
3035 12.585154826958108
3035 12.585154826958108
2953 12.322860962566839
2639 11.613240418118474
2943 11.613240418118474
2947 11.613240418118474
2948 11.593671341244146
2946 11.386284114765568
3021 10.544388307470216
3021 10.544388307470216
2499 10.290263876251162
3048 9.96091789171746
3048 9.96091789171746
400 9.770955985421923
2963 9.182327069172334
2944 8.749516441005797
470 7.483321194464666
471 5.646149358226372
468 5.516598718695393
2423 1.5406852248394012
2945 0.03435114503816794