29 96.2056379687483
1615 8.005509024230097
2476 7.953359425962164
1350 7.8041849651252875
1649 5.978669013494256
2487 5.883763277693475
2487 5.883763277693475
1622 4.917488578207413
1669 4.612243657291084
988 4.4203953279424955
2452 3.699971695442965
2473 3.310502283105022
1652 2.9649878340259717
3036 2.7390476190476187
1028 2.5657957244655574
2437 2.5642523364485967
2437 2.5642523364485967
1623 2.4649251723210055
2458 2.4479237576582724
2454 2.3338725331607884
2488 2.2853624208304013
2992 2.284663479220302
2465 2.244241192411925
1189 2.0153846153846153
2481 1.3
2474 1.2225637872732862
2456 0.5848439821693908
346 0.46558073654390936
294 0.46497702269878843
2466 0.22311289245156982