44 94.0065812766295
623 5.9057246973080995
1657 4.645518393216561
1488 4.3916786226685804
274 4.0
1877 3.978980629207309
1489 3.2502857142857144
1626 3.1633044179947536
1871 2.706469002695419
1350 2.668044432963059
1615 2.5910670531524747
1858 2.5353494623655917
2657 2.322175732217573
3098 2.252823086574655
1651 2.2132376764637818
1643 2.2080757923605137
1667 2.189112990674475
1647 2.178733493339032
3091 2.1556522980302595
1646 2.1238563698967035
1661 2.1013074969429035
1574 2.075479659460399
708 2.0250808015513897
1692 2.023125937953601
273 2.0055468341182627
277 2.0023531320999677
2314 2.000137537739014
272 2.0
275 2.0
276 2.0
278 2.0
2293 2.0
2301 2.0
2318 2.0
2323 2.0
305 0.9735481010787645
306 0.9729274793098612
304 0.9576712136127127
302 0.9543161434977578
279 0.48907373466798254
401 0.4855193539404066
401 0.4855193539404066
375 0.4690265486725664
379 0.4674340258281864
283 0.03842405680077962