50 168.13366549876892
1790 39.650305099325266
1786 17.93583714886772
1778 6.194574118007193
1789 5.197783505154639
1783 4.006272995958742
1787 4.0
1742 3.611654079668297
1776 2.922748309006767
1782 2.1906050172159364
1785 2.1906050172159364
1777 2.134266356757827
1784 2.096371261852662
1743 2.002642589737943
1737 2.0
1738 2.0
1739 2.0
1740 2.0
1741 2.0
1744 2.0
1745 2.0
1746 2.0
1747 2.0
1748 2.0
1749 2.0
1750 2.0
1751 2.0
1752 2.0
1753 2.0
1754 2.0
1755 2.0
1756 2.0
1757 2.0
1758 2.0
1759 2.0
1760 2.0
1761 2.0
1762 2.0
1763 2.0
1764 2.0
1765 2.0
1766 2.0
1767 2.0
1768 2.0
1769 2.0
1770 2.0
1771 2.0
1772 2.0
1773 2.0
1774 2.0
1796 2.0