72 257.9675445519316
1790 41.917932313647455
1018 31.68522164338918
1786 22.16860537062247
833 7.179897059156973
1789 5.365515463917526
1756 4.0113731218697835
1741 4.0107404729939065
1783 4.007660293141925
1739 4.003320644691018
1787 4.0005381552039605
1174 3.9242304135288664
1622 2.9975293633208477
3064 2.5870866590649944
822 2.582674428707967
823 2.582674428707967
927 2.4740124740124747
924 2.4633663366336638
931 2.4539913780288396
1360 2.453486150907355
934 2.414964181480498
935 2.3882964178288217
1036 2.3038621129907435
1782 2.2897196261682233
1785 2.2897196261682233
922 2.158747815032576
921 2.1557695556681873
1784 2.151075857038658
1748 2.0903609740819045
1745 2.088257998113045
236 2.085718353979781
1749 2.080931943592888
3162 2.05363091272485
1747 2.049805183804845
1744 2.0277638819409707
1751 2.0143545016807485
1774 2.0142857142857142
1754 2.0142076502732245
1746 2.0135554927986443
1758 2.0125870124916565
1760 2.0125870124916565
1773 2.007790973871734
1765 2.0076125225996764
1770 2.0070657111133543
1764 2.006859102600743
3065 2.006740954739304
1755 2.0056133056133056
1750 2.005448106782893
1743 2.0052851794758864
1772 2.005179768433882
1761 2.005075656004597
1763 2.0048906789413117
1757 2.004798366513527
1752 2.004744283138818
1768 2.0046997889890656
1753 2.0045972784111807
1766 2.0042303624651474
1767 2.0042222435466845
1771 2.00422183841873
1762 2.0039453425712086
1759 2.0039430659742257
1769 2.0038494851313637
1740 2.001950474898236
1796 2.000544365813827
1737 2.0005131362889985
1738 2.000504642712959
912 2.0
920 2.0
923 2.0
925 2.0
1034 2.0
3383 0.2507396449704142
294 0.022420275727614538