61 131.41103155780166
2858 6.2013651877133125
2916 5.54445756706597
2899 2.2078252032520327
2876 2.139590975327873
2877 2.139590975327873
2878 2.139590975327873
2905 2.090121435393642
2860 2.0594046702591737
2861 2.0594046702591737
2863 2.0594046702591737
2888 2.0252231276678305
2889 2.0252231276678305
2890 2.0252231276678305
2903 2.0252167541824395
2906 2.0211346833815496
2891 2.0174887511673316
2885 2.016689909577579
2886 2.016689909577579
2887 2.016689909577579
2859 2.016597859971354
2862 2.016597859971354
2892 2.016597859971354
2907 2.016411330801798
2901 2.0160480106690377
2902 2.0159302939623305
2913 2.0158261329571503
2864 2.015820184089415
2865 2.015820184089415
2866 2.015820184089415
2911 2.0155427631578946
2900 2.0154362416107383
2894 2.015228847670028
2904 2.015169627767014
2893 2.0151673843050544
2882 2.0149424816801083
2883 2.0149424816801083
2884 2.0149424816801083
2879 2.0147558683568603
2880 2.0147558683568603
2881 2.0147558683568603
2912 2.0145660286505356
2898 2.0145034034653464
2910 2.014323771282962
2867 2.0142650172740444
2868 2.0142650172740444
2869 2.0142650172740444
2897 2.014250309789343
2896 2.013953146801792
2909 2.0135009790786356
2908 2.0133271449409893
2870 2.012910594994981
2871 2.012910594994981
2872 2.012910594994981
2873 2.0115423323688515
2874 2.0115423323688515
2875 2.0115423323688515
2895 2.010542281011462
2856 2.008870542771825
2914 2.008870542771825
2857 2.006012221565149
2917 2.0047119059102885