49 19.51771774301111
2598 5.523289168146424
647 5.521536252692033
2660 2.322003804692454
2489 2.0414554130629288
1426 2.0
303 1.163677130044843
646 0.09998680912808337
657 0.03084061135371179
659 0.022639897479709525
658 0.022623790552077406
375 0.022334597555836493
655 0.022083333333333333
654 0.02207107162687396
281 0.021879730287601488
626 0.021852666300164927
643 0.02174507658643326
631 0.02155055570615343
642 0.021419911087161524
651 0.0213365539452496
641 0.021211312700106722
639 0.02114080574391703
627 0.020973486347447567
648 0.020904549040231396
621 0.020896307004862662
640 0.020806071708976706
649 0.020795187025895893
630 0.020730117340286833
633 0.020619893658410063
629 0.020314296665389038
628 0.019822964717616257
620 0.019707486365889936
635 0.019687964338781574
644 0.019687964338781574
645 0.0194091796875
624 0.01928675400291121
652 0.019258720930232558
634 0.01912666907253699
636 0.01905560882070949
625 0.019048760033544988
632 0.019048760033544988
623 0.018690490184553897
638 0.0186117289008545
650 0.018563922942206657
637 0.01855309218203034
622 0.018535789228258336
653 0.017141009055627425
656 0.01552734375
335 0.01473922902494331
308 0.011495904583991953