47 90.74192472431957
2421 2.094243268337976
951 2.0201484623541885
939 2.008266818700114
941 2.0069726902963394
937 2.0068906115417744
935 2.0068362045392396
934 2.0066330591668877
987 2.006198347107438
955 2.0061855670103093
962 2.0061855670103093
973 2.0061855670103093
977 2.0061855670103093
972 2.0061764705882354
965 2.006172839506173
963 2.0061475409836067
953 2.0061349693251533
957 2.0061349693251533
959 2.0061224489795917
985 2.0061224489795917
949 2.0060993319779263
961 2.0060975609756095
969 2.0060975609756095
983 2.006072874493927
986 2.006060606060606
954 2.0060379528464636
970 2.0060240963855422
984 2.006012024048096
971 2.0059880239520957
960 2.005952380952381
956 2.0058708414872797
968 2.0058479532163744
981 2.005736137667304
967 2.0057049714751427
958 2.0056925996204935
979 2.0056818181818183
938 2.00559317044451
978 2.0055776892430277
966 2.0055350553505535
975 2.0054844606946984
976 2.0054644808743167
940 2.0052832403874374
942 2.0049985298441633
936 2.00495337995338
980 2.003861003861004
206 1.3783549783549776
1776 0.9611961552153795
484 0.03670242800677583