22 35.215975441010904
3029 6.8963246229020605
3029 6.8963246229020605
2976 2.580401009162131
1553 2.5450235876193785
2826 2.3913163335630596
2921 2.337218337218337
2870 2.2690803364369514
2871 2.2690803364369514
2872 2.2690803364369514
2682 2.256242118537201
3086 2.1557226821715227
408 0.06189451022604951
361 0.040484675694939416
283 0.03842405680077962
405 0.0380465644520159
396 0.03592181722134179
404 0.03443877551020408
398 0.02678951098511694
375 0.022334597555836493
379 0.02021336327905671
403 0.016874016874016875
335 0.01473922902494331