134 329.3380155076231
2218 4.569736825449068
2282 4.567351000314234
2281 4.567316662793095
2285 4.564629078554081
2284 4.558147878849457
2211 4.510219991716813
2208 4.508715935036255
2239 4.500566060290694
2238 4.499310359240141
2329 4.4560653354427675
2342 4.444762975109163
1908 3.776648116438355
1916 3.2543744531933507
1906 3.2332990750256925
2242 3.2157102933302038
2272 3.2035529734003494
2354 3.1745684271876993
2355 3.173242056804925
2304 3.1564331327825883
2349 3.149886684341059
2352 3.1433569636020593
1910 3.0948531086312916
1911 3.0822390140121803
1907 3.032222067233924
1909 2.937142857142857
2202 2.924963114663848
1915 2.873611111111111
1912 2.8014025245441787
1913 2.7332132750192963
1914 2.61060032449973
253 2.562217463716393
254 2.5182218662394873
2340 2.1310768209722912
2341 2.1310411691832596
2339 2.1309825801343147
2232 2.129217745618041
2328 2.129037166935992
2231 2.1281384457623713
2326 2.1279979644816804
2233 2.127862684993627
2361 2.1274574884548727
2230 2.1271716394061766
2357 2.127130901952681
2358 2.12676191601903
2359 2.126657246241871
2237 2.124758709362246
2332 2.124625744534191
2331 2.1244713465361373
2244 2.1243253193662
2335 2.1241164950861497
2236 2.1240256280843433
2294 2.123863367504405
2334 2.123856575768036
2243 2.1237528839829762
2338 2.123747082369781
2203 2.123709056676911
2291 2.1233696432385494
2290 2.12318894684259
2207 2.123149206173858
2297 2.1227806145935877
2210 2.1224473593372455
2209 2.122420941078191
2241 2.122198994859753
2212 2.1218538532690716
2265 2.121595804951317
2264 2.1205956650239695
2267 2.1202387007086427
2315 2.1201482528755378
2269 2.11998323944947
2313 2.1198774749654814
2316 2.1196119685207133
2266 2.1195152856474415
2271 2.119490755812957
2270 2.119482412474904
2262 2.1194745635687324
2317 2.118824165793299
2319 2.1187388891150647
2344 2.1185997259250033
2320 2.1185831206190997
2322 2.1183394008896066
2325 2.118270010552854
2275 2.118163985381124
2299 2.117937907372205
2356 2.117582365521536
2312 2.1170488420472457
2305 2.11699216780396
2350 2.1168345157911506
2346 2.11672656281665
2351 2.1167113869141674
2347 2.116541940036231
2345 2.116533850973982
2283 2.116522950513057
2217 2.116456543497548
2287 2.116433768931367
2353 2.1164049866270225
2348 2.1163655938890518
2343 2.1163610911946464
2215 2.1161596754584338
2286 2.116096651844101
2280 2.115973906772438
2224 2.115962259601657
2221 2.115924493308689
2303 2.1158908078452323
2278 2.115768358739472
2288 2.1156794379372665
2279 2.1156237360228594
2223 2.1153488969938463
2274 2.1152959592090146
2225 2.1152304706610376
2245 2.115164277492937
2256 2.1150927799238977
2213 2.1150377591296987
2259 2.1150320940516427
2257 2.1150094935168204
2258 2.1148501411067055
2226 2.114843679726552
2222 2.1148336928031877
2252 2.114761790727928
2255 2.1146376446417148
2253 2.114630521295094
2289 2.114567705751837
2261 2.1145314724780016
2260 2.1142519106986013
2370 2.11418432604675
2374 2.11418432604675
2375 2.11418432604675
2376 2.11418432604675
2377 2.11418432604675
2254 2.113961860794523
2378 2.113558044964487
2368 2.1133219294482117
2390 2.1089027780009317
275 2.0043852057007676
276 2.0