66 408.00848101129367
1412 18.824053652608384
1917 12.19852740659941
1393 10.899104171998944
1429 10.826437587657784
1403 9.542953620021866
1402 9.541014464038053
1390 9.3711521106989
1401 9.153641901390124
1418 8.895700689202503
1388 8.731587643318498
1453 8.587620357634103
1422 8.318190001800394
1404 7.581062558254291
1397 7.412291779421488
1414 7.380355931318823
1417 7.348662251655628
1405 7.190107829348344
1400 7.162938105891124
1407 7.081746761978907
1454 7.081746761978907
1395 7.055743454841542
1406 6.937391823336321
1396 6.832956381260105
1387 6.725480497456186
1398 6.67598355842631
1391 6.518409425625915
1386 6.382404520654724
1394 6.362033823610432
1399 6.336400587106233
1385 6.290245778542914
1424 5.854432077242875
2198 5.8027345126506304
1389 5.412051125989046
1966 5.37835940633774
2197 5.37835940633774
1459 5.247277347531477
1965 5.175711835334475
1438 4.906100342075253
1392 4.880136245674735
1410 4.874943244470394
1411 4.7715847681287
1461 4.751468594667879
1382 4.700816211652118
1457 4.700816211652118
1415 4.640696228760874
1413 4.602582407349934
1419 4.583370386838588
1460 4.579868984630881
1409 4.579246368474039
1377 4.540582047147353
1421 4.5115712545675954
1456 4.5115712545675954
1420 4.500633882698344
1383 4.40167969881262
1458 4.40167969881262
1428 4.375611496127185
1423 4.3669043374925725
1376 4.325483692647874
1430 4.3179927456657
2195 4.147391851350042
1904 2.867395029991431
1963 2.867395029991431
2131 2.867395029991431
2384 2.7254974145445625
2381 2.1145568276077626
2392 2.0986385758009165