22 55.222891338617345
623 9.298342541436464
2850 9.138648947951278
2605 4.144607290492298
1889 3.5070096638083563
771 2.8333333333333335
798 2.8333333333333335
2458 2.8104152484683484
2437 2.7289719626168205
2459 2.6882911392405076
706 2.671436285097192
2480 2.5759930915371334
2465 2.244241192411925
432 2.160596501290506
2473 1.7226027397260277
484 0.9799548277809145
484 0.9799548277809145
2478 0.5779531998872287
401 0.5336953494848231
2497 0.30714285714285716
2466 0.22311289245156982
441 0.1316270566727605
441 0.1316270566727605