209 435.129344709019
1412 12.252149255074961
1389 4.115155203895314
964 4.0
1945 2.5685050294831773
1946 2.509123389051933
1174 2.3778570484872503
1414 2.2559887271019257
1394 2.2147303476009474
2383 2.0993379616210968
1388 2.084313823661944
1461 2.08320153637596
1393 2.0810852316355257
1429 2.07687587657784
1390 2.0759049433470373
1417 2.075655629139072
1401 2.074660280106211
1403 2.074287416823915
1402 2.074103427778878
1424 2.073890304411962
1392 2.0733131487889276
1399 2.073275375409281
1453 2.0724071526822563
1459 2.071272991287512
1387 2.0627473148671562
1404 2.0627227369921597
1400 2.0618941088739744
1396 2.0617770597738287
1397 2.061458897107463
1405 2.059188935771214
1413 2.058228319572909
1395 2.0572466491294
1407 2.056338028169014
1454 2.056338028169014
1377 2.0540582047147353
1382 2.053475935828877
1457 2.053475935828877
1406 2.0533572068039394
1419 2.0527218446293594
1415 2.051388313302942
1409 2.0513447432762835
1421 2.0511571254567604
1456 2.0511571254567604
1411 2.0495161493025007
1391 2.047689178764289
1420 2.0476412891172346
1410 2.047480054485308
1460 2.045981355505165
1398 2.044392248972402
1418 2.044371512963571
1422 2.0409290043809643
1428 2.035772523440685
1383 2.0348489236412783
1458 2.0348489236412783
1386 2.0344894777864377
1430 2.0286845695650726
1376 2.0283029297954673
1385 2.0261528881725948
2330 2.0003214200924084
2338 2.000176226663454
2273 2.000169383719805
2295 2.0001649904340653
2211 2.0001635755527634
2234 2.0001568224911965
2258 2.000155883126626
2333 2.000155341999534
2240 2.0001539398095343
2289 2.000153018625028
2228 2.000152230665086
2315 2.000151952590792
2207 2.000151895413104
2231 2.000151526363825
2298 2.000150473817556
2247 2.000149848079553
2243 2.000149636522447
2244 2.000149350153171
2312 2.0001478738098677
2271 2.000147358681311
2245 2.000147143455059
2278 2.0001470136624695
2316 2.000146477222792
2259 2.0001461034217423
2325 2.0001459076302903
2235 2.000144360605751
2260 2.000144203668017
2209 2.000141531090238
2232 2.000140503705785
2210 2.00013807386952
2288 2.000137760473896
2314 2.000137537739014
2229 2.0001360958633336
2283 2.0001354393070665
2280 2.000134399790205
2282 2.0001309311825706
209 2.0
246 2.0
253 2.0
271 2.0
1423 2.0
2202 2.0
2203 2.0
2204 2.0
2205 2.0
2206 2.0
2208 2.0
2212 2.0
2213 2.0
2214 2.0
2215 2.0
2217 2.0
2218 2.0
2221 2.0
2222 2.0
2223 2.0
2226 2.0
2230 2.0
2233 2.0
2236 2.0
2237 2.0
2238 2.0
2241 2.0
2242 2.0
2248 2.0
2252 2.0
2253 2.0
2254 2.0
2255 2.0
2256 2.0
2257 2.0
2261 2.0
2262 2.0
2264 2.0
2265 2.0
2266 2.0
2267 2.0
2268 2.0
2269 2.0
2272 2.0
2274 2.0
2275 2.0
2276 2.0
2277 2.0
2279 2.0
2281 2.0
2284 2.0
2285 2.0
2286 2.0
2287 2.0
2290 2.0
2291 2.0
2292 2.0
2294 2.0
2296 2.0
2300 2.0
2301 2.0
2302 2.0
2303 2.0
2304 2.0
2305 2.0
2306 2.0
2307 2.0
2308 2.0
2309 2.0
2310 2.0
2311 2.0
2313 2.0
2317 2.0
2318 2.0
2319 2.0
2320 2.0
2321 2.0
2322 2.0
2323 2.0
2326 2.0
2329 2.0
2331 2.0
2334 2.0
2335 2.0
2337 2.0
2339 2.0
2341 2.0
2342 2.0
2343 2.0
2357 2.0
2358 2.0
2361 2.0
2362 2.0
2368 2.0
2370 2.0
2374 2.0
2375 2.0
2376 2.0
2377 2.0
2378 2.0
2390 2.0
2418 2.0
2516 2.0
2517 2.0
2518 2.0
2519 2.0
2520 2.0
2521 2.0
2522 2.0
2523 2.0
2524 2.0
2525 2.0
2526 2.0
2527 2.0
2528 2.0
273 0.00554683411826269