64 183.85999835104474
1379 27.41396570850283
1412 7.680244857541518
1422 4.7873132089059585
1402 4.268922131959581
1403 4.2638792332902975
1406 4.198686959116681
1401 4.111990420159318
1404 4.094084105488238
1405 4.059188935771214
1414 3.8956213141276543
1417 2.713112582781456
1431 2.654029148094356
1432 2.654029148094356
1418 2.434131933048901
1407 2.431028381343336
1454 2.431028381343336
1394 2.2147303476009474
1460 2.1660367850844047
1411 2.150182229483473
1382 2.1365043625105553
1457 2.1365043625105553
1423 2.135353535353535
1415 2.1268130957314537
1424 2.110835456617943
1461 2.094215996384998
1388 2.084313823661944
1389 2.082531953743153
1419 2.082512862859684
1393 2.0810852316355257
1438 2.0787913340935003
1437 2.078739274297572
1436 2.0784447865001994
1384 2.0781407881441565
1408 2.0781407881441565
1435 2.0781407881441565
1429 2.07687587657784
1434 2.075984624811988
1390 2.0759049433470373
1392 2.0733131487889276
1399 2.073275375409281
1453 2.0724071526822563
1420 2.0718622806432236
1459 2.071272991287512
1433 2.07097305081259
1383 2.070614924220485
1458 2.070614924220485
1409 2.0647202646339706
1410 2.0636959200882137
1387 2.0627473148671562
1400 2.0618941088739744
1396 2.0617770597738287
1397 2.061458897107463
1413 2.058228319572909
1395 2.0572466491294
1377 2.0540582047147353
1421 2.0511571254567604
1456 2.0511571254567604
1391 2.047689178764289
1398 2.044392248972402
1428 2.035772523440685
1386 2.0344894777864377
1430 2.0286845695650726
1376 2.0283029297954673
1385 2.0261528881725948