38 85.28985939755005
3031 11.304693140794226
3031 11.304693140794226
2979 3.942281010082321
1562 3.830078852076214
2683 3.666501363749067
992 3.5805140309467607
627 3.475926658752145
993 3.2887740029542094
1560 3.187430318288078
1633 3.096465376095541
1859 3.0839113287093665
1556 3.0605277933745114
1629 2.7958038719789093
1634 2.71676377369949
2922 2.545028630921396
3088 2.5334391114637027
1559 2.487571879057689
1534 2.3992889163703808
1630 2.271433260720361
1631 2.1062152477449643
1632 2.084646949346368
2433 2.0774605103280677
2763 2.053638361121882
1558 2.027504545242646
406 0.05408015451472718
279 0.04144931622726632
283 0.03842405680077962
405 0.0380465644520159
404 0.03443877551020408
490 0.028921998247151623
375 0.022334597555836493
401 0.021164021164021163
379 0.02021336327905671
403 0.016874016874016875
447 0.01644223954642098
361 0.01368496079828938
397 0.01174934725848564
417 0.011443910709239898