22 57.47357179518218
69 2.932044270272597
1923 2.733247640631871
1968 2.733247640631871
1972 2.733247640631871
2047 2.733247640631871
2053 2.733247640631871
2059 2.733247640631871
2065 2.733247640631871
2071 2.733247640631871
2077 2.733247640631871
2083 2.733247640631871
2127 2.733247640631871
2129 2.733247640631871
2134 2.733247640631871
2136 2.733247640631871
2117 2.7239941590131806
2931 2.5043695380774036
3145 2.363247863247864
3144 2.3275903906818733
1903 2.2088620761389643
67 2.100355239786856
1420 2.0476412891172346