35 24.366929321343004
1974 5.250989602575607
1168 2.9897421680066536
1167 2.9692177351030775
620 2.0226822012890433
1849 2.013441955193483
1678 2.0098357697166573
2824 2.007595948827292
1680 2.0001618871415356
1679 2.0001168907071887
469 0.21284508653983694
283 0.07684811360155924
347 0.07051814907176504
282 0.06215093799226693
411 0.043478260869565216
476 0.040027510316368635
327 0.03731878857470934
484 0.03670242800677583
372 0.03578047042052744
330 0.0354903078677309
421 0.03487383045080805
404 0.03443877551020408
380 0.03423967774420947
371 0.03258858687918031
437 0.0320771001150748
296 0.03199189345686161
307 0.0316108545034642
293 0.03128604382929642
446 0.03111495246326707
299 0.03074905275429904
291 0.029839883551673944
374 0.02910394265232975
328 0.028780131482834186
332 0.022231485341114354
412 0.011305986374836933
383 0.005752912411908529