61 276.4185613339923
763 5.5852076664033605
769 5.542189841368264
818 5.4807787719628385
819 5.4807787719628385
804 5.399522260002681
805 5.399522260002681
752 5.362405450168184
765 5.362405450168184
778 4.8944664031620535
794 4.890479192938208
767 4.864861142988295
820 4.76659238596874
821 4.76659238596874
781 4.765488590523211
855 4.750405966199555
773 4.729293604308347
774 4.7285830087585765
775 4.727969121140143
755 4.699101949178488
766 4.686578774975433
787 4.682732237686558
762 4.663092661813891
772 4.663092661813891
776 4.663092661813891
768 4.624658514374919
796 4.620824404386739
786 4.620661844393478
792 4.620632279534111
789 4.619241640989076
780 4.608854559155992
791 4.608466961317895
783 4.6061281203583935
803 4.6061281203583935
785 4.604217874348638
782 4.58984057407473
770 4.561952390478097
784 4.534653465346535
761 4.525999799873252
795 4.524672503902803
847 4.523276514763961
779 4.509411253385043
806 4.506730958472742
807 4.506730958472742
808 4.506498329001115
809 4.506498329001115
814 4.496527403897922
815 4.496527403897922
758 4.33311614269425
757 4.3258705128895105
816 4.304854501778818
817 4.304854501778818
810 4.268720005510948
811 4.268720005510948
822 4.255129525961048
823 4.255129525961048
812 3.4508583823985095
813 3.4508583823985095
802 3.0254545454545454
756 2.568320670920035
904 2.568214100511803
764 2.5540931051609697