84 175.59276852937637
3156 4.205761316872428
3082 2.246726034573075
3127 2.2426530062011323
3114 2.1916769801980203
3164 2.175147182506308
3079 2.164977571025087
3119 2.1509539450695367
3101 2.1305255830142706
3086 2.124375908487645
3115 2.103611576177949
3092 2.0855096882898065
3122 2.081477457903313
3088 2.0761602538675126
3145 2.072649572649573
3085 2.0692640692640696
3144 2.0655180781363747
3128 2.0627538320450673
3153 2.0622980483391498
3091 2.062089637453611
3138 2.0617463892937593
3143 2.0615344330976697
3096 2.0613612996092945
3150 2.059868155522669
3154 2.059681697612732
3087 2.059264981790089
3132 2.0588235294117645
3142 2.058753156985245
3155 2.0587492103600757
3137 2.0582941013569647
3139 2.0576169323229685
3081 2.057377049180328
3134 2.0573391279966353
3141 2.0563085091518793
3151 2.056209331302783
3149 2.05607213299521
3146 2.0557615712127455
3140 2.0553589126433525
3163 2.0552808194984102
3131 2.055277777777778
3148 2.0552721088435373
3136 2.0550948699929728
3080 2.054996405463695
3152 2.054971590909091
3129 2.0548350718917394
3147 2.0547788873038515
3135 2.0547542361013864
3126 2.053799039894057
3162 2.05363091272485
3130 2.053548294227724
3133 2.0532374100719424
3160 2.052518756698821
3084 2.05204751484839
3125 2.0519953634707733
3099 2.0518723143032536
3161 2.0511502977928298
3117 2.051128818061089
3094 2.050678875907799
3098 2.05034504391468
3108 2.0498966637142013
3097 2.049526813880126
3111 2.049003322259136
3102 2.0485668789808917
3103 2.0475600309837336
3118 2.0475482912332836
3104 2.0455124704168943
3159 2.0448863636363637
3120 2.0443971985992997
3123 2.0441176470588234
3095 2.0436515572170757
3113 2.043115616578981
3105 2.042874251497006
3107 2.040371281592485
3100 2.0396370281681264
3089 2.0387677039181225
3083 2.038564403416444
3112 2.037295880653182
3090 2.0362078283023237
3110 2.0359751444456555
3109 2.0339782539174927
3106 2.0338339793281652
3121 2.032152076977235
3116 2.032118737238888
3093 2.026935571196535
3124 2.0208088605470715