58 122.95824931849687
1417 3.1357880794701996
1412 2.831255345006076
1422 2.7709296045129927
1407 2.5197820086347225
1454 2.5197820086347225
1460 2.3869992441421024
1424 2.3050154217513747
2135 2.2891928453329324
1936 2.2762045363038514
1414 2.1535932362611554
1939 2.130602862814753
1962 2.130602862814753
1393 2.129613514205272
1394 2.1073651738004737
1459 2.106909486931268
1388 2.084313823661944
1429 2.07687587657784
1390 2.0759049433470373
1403 2.074287416823915
1402 2.074103427778878
1399 2.073275375409281
1453 2.0724071526822563
1389 2.0662203286670726
1404 2.0627227369921597
1418 2.0601247128322937
1423 2.0581699346405227
1461 2.0554676909173066
1406 2.0533572068039394
1415 2.051388313302942
1411 2.0503330400904862
1392 2.0489835640138407
1438 2.03939566704675
1387 2.031373657433578
1382 2.0267379679144386
1457 2.0267379679144386
1376 2.002432283029298
1377 2.0
1383 2.0
1385 2.0
1386 2.0
1391 2.0
1395 2.0
1396 2.0
1397 2.0
1398 2.0
1400 2.0
1401 2.0
1405 2.0
1409 2.0
1410 2.0
1413 2.0
1419 2.0
1420 2.0
1421 2.0
1428 2.0
1430 2.0
1456 2.0
1458 2.0