52 50.147643476579276
303 8.953460186644046
1960 6.703070934256056
1350 5.272022733143889
635 3.5734274393263994
636 3.3563039309683598
644 2.4738732045567113
656 2.20224609375
622 2.0079272557705763
653 2.000970245795602
623 1.86752086516986
637 1.6505250875145858
626 1.3479934029686642
647 1.098348887293611
652 1.062621124031008
648 0.9871154351827505
650 0.8438995913601867
634 0.6128954649344399
632 0.5968611477177429
649 0.5047083442322783
633 0.3980028530670471
641 0.3792689434364995
625 0.3184377620702049
638 0.31686761090951654
631 0.24613716454323667
642 0.20167048363195472
640 0.14668934833813135
643 0.1464715536105033
630 0.11316818774445893
2489 0.08291082612585744
446 0.08239700374531836
651 0.07635534084809448
375 0.044669195111672985
283 0.03842405680077962
349 0.03825686753919172
484 0.03670242800677583
657 0.03084061135371179
364 0.029263370332996974
659 0.022639897479709525
658 0.022623790552077406
655 0.022083333333333333
654 0.02207107162687396
281 0.021879730287601488
639 0.02114080574391703
627 0.020973486347447567
646 0.020973486347447567
621 0.020896307004862662
629 0.020314296665389038
628 0.019822964717616257
620 0.019707486365889936
645 0.0194091796875
624 0.01928675400291121
308 0.011495904583991953