21 68.3048289323198
2512 6.2760198246282926
2847 5.305977165883143
2382 5.0034684269051475
2624 4.981891219792133
2710 4.806057584444721
333 3.8589438296680227
1063 3.8576017130620976
2711 3.7319902319902303
3379 3.4391785150078986
2712 2.7453316953316933
2729 2.571950662402926
2714 2.549690571532579
2713 2.5482492581602374
2721 2.3895041530329704
2718 2.3746090582648
2719 2.3479960899315766
2720 2.3479960899315766
2716 2.347972972972971
1097 2.2715809893307473
2797 2.0411619122052884
2552 0.5076569678407351