93 186.01560975609755
1186 2.015609756097561
1185 2.0
1189 2.0
1190 2.0
1192 2.0
1196 2.0
1198 2.0
1199 2.0
1200 2.0
1201 2.0
1205 2.0
1207 2.0
1210 2.0
1212 2.0
1213 2.0
1214 2.0
1215 2.0
1216 2.0
1217 2.0
1218 2.0
1219 2.0
1220 2.0
1221 2.0
1222 2.0
1224 2.0
1225 2.0
1227 2.0
1228 2.0
1229 2.0
1230 2.0
1231 2.0
1234 2.0
1236 2.0
1238 2.0
1239 2.0
1240 2.0
1241 2.0
1242 2.0
1243 2.0
1244 2.0
1245 2.0
1246 2.0
1247 2.0
1248 2.0
1249 2.0
1251 2.0
1252 2.0
1253 2.0
1254 2.0
1255 2.0
1256 2.0
1257 2.0
1258 2.0
1259 2.0
1260 2.0
1261 2.0
1262 2.0
1263 2.0
1264 2.0
1265 2.0
1266 2.0
1267 2.0
1268 2.0
1269 2.0
1270 2.0
1271 2.0
1273 2.0
1274 2.0
1275 2.0
1276 2.0
1277 2.0
1278 2.0
1279 2.0
1280 2.0
1281 2.0
1282 2.0
1283 2.0
1284 2.0
1285 2.0
1286 2.0
1288 2.0
1289 2.0
1290 2.0
1291 2.0
1292 2.0
1293 2.0
1295 2.0
1296 2.0
1297 2.0
1298 2.0
1299 2.0
1300 2.0
1355 2.0