26 81.45176163431512
1540 13.146307527648933
1523 9.688092533531385
3406 6.583806028250476
2270 4.000168449712604
825 3.408945152385467
1541 2.840231493560398
1542 2.7720200936402657
937 2.4134366925064596
605 2.292682926829268
3159 2.1951136363636365
3388 2.091968637423183
1726 2.007837469775715
2669 2.005406529423997
2542 2.005211987571414
2289 2.000153018625028
2222 2.0001418535748714
2360 2.000123530352134
2246 2.000114073139895
2254 2.0
2255 2.0
2257 2.0
2286 2.0
2288 2.0
2308 2.0
2363 2.0
2389 2.0